source_id,target_id,type,relation,polarity,stance_score,intensity,relation_subtype,evidence,confidence,article_id,segment_id
唐钺,article:ceb19a8021b7,WROTE,WROTE,neutral,0,0,,,,唐钺_000_b5cd146b,
唐钺,article:85df12bc7941,WROTE,WROTE,neutral,0,0,,,,唐钺_001_c4e36ba4,
唐钺,article:58ae12f69245,WROTE,WROTE,neutral,0,0,,,,唐钺_002_5e996979,
唐钺,article:a9c89b9230d3,WROTE,WROTE,neutral,0,0,,,,唐钺_003_1292971a,
唐钺,article:7605b71c781d,WROTE,WROTE,neutral,0,0,,,,唐钺_004_0712956a,
article:a9c89b9230d3,segment:9e5700c5f373,HAS_SEGMENT,HAS_SEGMENT,neutral,0,0,,,,唐钺_003_1292971a,唐钺_003_1292971a_s0001
article:ceb19a8021b7,segment:60c41feca7a6,HAS_SEGMENT,HAS_SEGMENT,neutral,0,0,,,,唐钺_000_b5cd146b,唐钺_000_b5cd146b_s0010
article:a9c89b9230d3,segment:82d764185d8e,HAS_SEGMENT,HAS_SEGMENT,neutral,0,0,,,,唐钺_003_1292971a,唐钺_003_1292971a_s0000
article:a9c89b9230d3,segment:cc6eb748f06e,HAS_SEGMENT,HAS_SEGMENT,neutral,0,0,,,,唐钺_003_1292971a,唐钺_003_1292971a_s0003
article:58ae12f69245,segment:7183b22296f4,HAS_SEGMENT,HAS_SEGMENT,neutral,0,0,,,,唐钺_002_5e996979,唐钺_002_5e996979_s0003
article:ceb19a8021b7,segment:607b140505f6,HAS_SEGMENT,HAS_SEGMENT,neutral,0,0,,,,唐钺_000_b5cd146b,唐钺_000_b5cd146b_s0004
article:58ae12f69245,segment:ad17e87804ab,HAS_SEGMENT,HAS_SEGMENT,neutral,0,0,,,,唐钺_002_5e996979,唐钺_002_5e996979_s0006
article:ceb19a8021b7,segment:693c574c8c24,HAS_SEGMENT,HAS_SEGMENT,neutral,0,0,,,,唐钺_000_b5cd146b,唐钺_000_b5cd146b_s0000
article:7605b71c781d,segment:a80c93061738,HAS_SEGMENT,HAS_SEGMENT,neutral,0,0,,,,唐钺_004_0712956a,唐钺_004_0712956a_s0005
article:85df12bc7941,segment:972f03c027c0,HAS_SEGMENT,HAS_SEGMENT,neutral,0,0,,,,唐钺_001_c4e36ba4,唐钺_001_c4e36ba4_s0004
article:85df12bc7941,segment:c520a85b04c5,HAS_SEGMENT,HAS_SEGMENT,neutral,0,0,,,,唐钺_001_c4e36ba4,唐钺_001_c4e36ba4_s0002
article:a9c89b9230d3,segment:1dff6bc12659,HAS_SEGMENT,HAS_SEGMENT,neutral,0,0,,,,唐钺_003_1292971a,唐钺_003_1292971a_s0002
article:7605b71c781d,segment:eec33dd11665,HAS_SEGMENT,HAS_SEGMENT,neutral,0,0,,,,唐钺_004_0712956a,唐钺_004_0712956a_s0000
article:ceb19a8021b7,segment:791b2148818a,HAS_SEGMENT,HAS_SEGMENT,neutral,0,0,,,,唐钺_000_b5cd146b,唐钺_000_b5cd146b_s0008
article:ceb19a8021b7,segment:528692c9d446,HAS_SEGMENT,HAS_SEGMENT,neutral,0,0,,,,唐钺_000_b5cd146b,唐钺_000_b5cd146b_s0001
article:ceb19a8021b7,segment:0645d743861c,HAS_SEGMENT,HAS_SEGMENT,neutral,0,0,,,,唐钺_000_b5cd146b,唐钺_000_b5cd146b_s0003
article:a9c89b9230d3,segment:b0a9f0776959,HAS_SEGMENT,HAS_SEGMENT,neutral,0,0,,,,唐钺_003_1292971a,唐钺_003_1292971a_s0004
article:7605b71c781d,segment:cbbd22683574,HAS_SEGMENT,HAS_SEGMENT,neutral,0,0,,,,唐钺_004_0712956a,唐钺_004_0712956a_s0003
article:7605b71c781d,segment:8f8c40ccfab6,HAS_SEGMENT,HAS_SEGMENT,neutral,0,0,,,,唐钺_004_0712956a,唐钺_004_0712956a_s0001
article:58ae12f69245,segment:bc80eefcfe9b,HAS_SEGMENT,HAS_SEGMENT,neutral,0,0,,,,唐钺_002_5e996979,唐钺_002_5e996979_s0007
article:ceb19a8021b7,segment:3e9af9d12de5,HAS_SEGMENT,HAS_SEGMENT,neutral,0,0,,,,唐钺_000_b5cd146b,唐钺_000_b5cd146b_s0005
segment:693c574c8c24,entity:1833175dbdc3,MENTIONS,MENTIONS,neutral,0,0,,我所谓因果律，就是说：一切现象，都有原因。,1.0,唐钺_000_b5cd146b,唐钺_000_b5cd146b_s0000
segment:693c574c8c24,entity:b4059de00b68,MENTIONS,MENTIONS,neutral,0,0,,一切心理现象是受因果律所支配的,1.0,唐钺_000_b5cd146b,唐钺_000_b5cd146b_s0000
segment:693c574c8c24,entity:2113d0c5f791,MENTIONS,MENTIONS,neutral,0,0,,无因论者（为便利起见，我称主张心理现象是不受因果律所支配的人做无因论者,1.0,唐钺_000_b5cd146b,唐钺_000_b5cd146b_s0000
segment:693c574c8c24,entity:872e98bc545e,MENTIONS,MENTIONS,neutral,0,0,,初民及幼儿每每不知道有因果律,1.0,唐钺_000_b5cd146b,唐钺_000_b5cd146b_s0000
segment:693c574c8c24,entity:30397cea5ef9,MENTIONS,MENTIONS,neutral,0,0,,初民及幼儿每每不知道有因果律,1.0,唐钺_000_b5cd146b,唐钺_000_b5cd146b_s0000
segment:693c574c8c24,entity:182758fef115,MENTIONS,MENTIONS,neutral,0,0,,牛顿的万有引力公式，就是如此。,1.0,唐钺_000_b5cd146b,唐钺_000_b5cd146b_s0000
segment:693c574c8c24,entity:a7c89e4e9e3e,MENTIONS,MENTIONS,neutral,0,0,,浅显的例，就如雪见日光就溶化，日光是雪化的因,1.0,唐钺_000_b5cd146b,唐钺_000_b5cd146b_s0000
segment:528692c9d446,entity:1833175dbdc3,MENTIONS,MENTIONS,neutral,0,0,,因果律是从经验得来的。,1.0,唐钺_000_b5cd146b,唐钺_000_b5cd146b_s0001
segment:528692c9d446,entity:4bd48527275b,MENTIONS,MENTIONS,neutral,0,0,,初民及幼儿每每不知道有因果律，所以往往有可笑的幻想同奢望。,1.0,唐钺_000_b5cd146b,唐钺_000_b5cd146b_s0001
segment:528692c9d446,entity:2113d0c5f791,MENTIONS,MENTIONS,neutral,0,0,,无因论者（为便利起见，我称主张心理现象是不受因果律所支配的人做无因论者；下文仿此）,1.0,唐钺_000_b5cd146b,唐钺_000_b5cd146b_s0001
segment:528692c9d446,entity:6d2d9b48aba1,MENTIONS,MENTIONS,neutral,0,0,,无因论者一定要引康德的主张，说因果律是理性中所固有的，是先乎经验的范畴。,1.0,唐钺_000_b5cd146b,唐钺_000_b5cd146b_s0001
segment:528692c9d446,entity:65500ea8e3a0,MENTIONS,MENTIONS,neutral,0,0,,说因果律是理性中所固有的，是先乎经验的范畴。,1.0,唐钺_000_b5cd146b,唐钺_000_b5cd146b_s0001
segment:528692c9d446,entity:d9a257f6a96c,MENTIONS,MENTIONS,neutral,0,0,,主张心理现象是不受因果律所支配的人做无因论者,1.0,唐钺_000_b5cd146b,唐钺_000_b5cd146b_s0001
segment:528692c9d446,entity:5ff3049cb89a,MENTIONS,MENTIONS,neutral,0,0,,康德说一切现象，都是受因果范畴的支配，心理现象当然不能除外。,1.0,唐钺_000_b5cd146b,唐钺_000_b5cd146b_s0001
segment:528692c9d446,entity:794c1f8372bd,MENTIONS,MENTIONS,neutral,0,0,,因为他主张本体不可经验，所经验者都是现象。,1.0,唐钺_000_b5cd146b,唐钺_000_b5cd146b_s0001
segment:528692c9d446,entity:4c72802e7bcc,MENTIONS,MENTIONS,neutral,0,0,,心理现象，是经验内的事，当然不是本体。,1.0,唐钺_000_b5cd146b,唐钺_000_b5cd146b_s0001
segment:528692c9d446,entity:68651d863e64,MENTIONS,MENTIONS,neutral,0,0,,因果律的来源，与本题无大关系,1.0,唐钺_000_b5cd146b,唐钺_000_b5cd146b_s0001
segment:528692c9d446,entity:aeda53266606,MENTIONS,MENTIONS,neutral,0,0,,我不赞成康德的因果观，也不屑把他来驳无因论。,1.0,唐钺_000_b5cd146b,唐钺_000_b5cd146b_s0001
segment:528692c9d446,entity:1e18d90f72bd,MENTIONS,MENTIONS,neutral,0,0,,我们知道甲因生乙果，并用不着知道甲乙的详情细节。,1.0,唐钺_000_b5cd146b,唐钺_000_b5cd146b_s0001
segment:528692c9d446,entity:9cdac42abb98,MENTIONS,MENTIONS,neutral,0,0,,可以断定火因必有烧纸之果。,1.0,唐钺_000_b5cd146b,唐钺_000_b5cd146b_s0001
segment:528692c9d446,entity:737af2f0c415,MENTIONS,MENTIONS,neutral,0,0,,若用罗素的说法，就是因果的关系，不是说同一个因必有同一个果，乃说同一种的因必有同一种的果。,1.0,唐钺_000_b5cd146b,唐钺_000_b5cd146b_s0001
segment:528692c9d446,entity:5dade5020657,MENTIONS,MENTIONS,neutral,0,0,,因果的关系，不是说同一个因必有同一个果，乃说同一种的因必有同一种的果。,1.0,唐钺_000_b5cd146b,唐钺_000_b5cd146b_s0001
segment:528692c9d446,entity:7eadf07ee1d6,MENTIONS,MENTIONS,neutral,0,0,,有时我们明明知道一现象有因果，而不能由因推果或由果推因：这是因为因果过于复杂的缘故。,1.0,唐钺_000_b5cd146b,唐钺_000_b5cd146b_s0001
segment:528692c9d446,entity:883dad8c3a03,MENTIONS,MENTIONS,neutral,0,0,,这是因为因果过于复杂的缘故。,1.0,唐钺_000_b5cd146b,唐钺_000_b5cd146b_s0001
segment:528692c9d446,entity:fe4b3c41631b,MENTIONS,MENTIONS,neutral,0,0,,所以不能以我们不会推知为该现象无因的理由。,1.0,唐钺_000_b5cd146b,唐钺_000_b5cd146b_s0001
segment:528692c9d446,entity:9b9546ee9735,MENTIONS,MENTIONS,neutral,0,0,,譬如瀑布击石时喷出无数浪花，这种浪花，我们知道是依着力学公式的，并且这种公式是精密的。,1.0,唐钺_000_b5cd146b,唐钺_000_b5cd146b_s0001
segment:528692c9d446,entity:98d04a0723f8,MENTIONS,MENTIONS,neutral,0,0,,然而我却不能因此说浪花的情状是无因的。,1.0,唐钺_000_b5cd146b,唐钺_000_b5cd146b_s0001
segment:528692c9d446,entity:b4059de00b68,MENTIONS,MENTIONS,neutral,0,0,,心理现象，是经验内的事，当然不是本体。,1.0,唐钺_000_b5cd146b,唐钺_000_b5cd146b_s0001
segment:0645d743861c,entity:008aab4a43d3,MENTIONS,MENTIONS,neutral,0,0,,比方，火会烫伤皮肤，是完全证实的。,1.0,唐钺_000_b5cd146b,唐钺_000_b5cd146b_s0003
segment:0645d743861c,entity:7a21d6109fcb,MENTIONS,MENTIONS,neutral,0,0,,因此我们可以相信一切心理现象都是如此。,1.0,唐钺_000_b5cd146b,唐钺_000_b5cd146b_s0003
segment:0645d743861c,entity:5d4cf34e9b05,MENTIONS,MENTIONS,neutral,0,0,,其实一切物质现象有因的根据，也不过如是，而我们都深信不疑，何以独独疑到心理现象呢？,1.0,唐钺_000_b5cd146b,唐钺_000_b5cd146b_s0003
segment:0645d743861c,entity:82c508b01eeb,MENTIONS,MENTIONS,neutral,0,0,,我可以设一譬喻。,1.0,唐钺_000_b5cd146b,唐钺_000_b5cd146b_s0003
segment:0645d743861c,entity:7e795e0f4272,MENTIONS,MENTIONS,neutral,0,0,,假如我们在一条长路上走，据已往的经验，那条路每距一丈就有一棵树。我们走了几百里，都是这样。现在我们望见前路远处还有排列整齐，像树的样子的东西。我们就预测他们也是树了。,1.0,唐钺_000_b5cd146b,唐钺_000_b5cd146b_s0003
segment:0645d743861c,entity:2113d0c5f791,MENTIONS,MENTIONS,neutral,0,0,,所以除非无因论者能举实在的例，证明某种心理现象没有一点原因，我们总相信一切心理现象是有因的。,1.0,唐钺_000_b5cd146b,唐钺_000_b5cd146b_s0003
segment:0645d743861c,entity:86b0ccb8809b,MENTIONS,MENTIONS,neutral,0,0,,无因论者当然以为他们的主张是有证据的。,1.0,唐钺_000_b5cd146b,唐钺_000_b5cd146b_s0003
segment:0645d743861c,entity:249e932e082a,MENTIONS,MENTIONS,neutral,0,0,,无因论者说，心理现象的大部分，现在还不知道他们的原因。,1.0,唐钺_000_b5cd146b,唐钺_000_b5cd146b_s0003
segment:0645d743861c,entity:8fdc2f77c511,MENTIONS,MENTIONS,neutral,0,0,,他们又说，我们的直接经验，觉得他们是无因的。,1.0,唐钺_000_b5cd146b,唐钺_000_b5cd146b_s0003
segment:0645d743861c,entity:80f9a30c9c49,MENTIONS,MENTIONS,neutral,0,0,,心理现象的因果，当然是比物质现象的因果复杂得多。,1.0,唐钺_000_b5cd146b,唐钺_000_b5cd146b_s0003
segment:0645d743861c,entity:87ff9fca8846,MENTIONS,MENTIONS,neutral,0,0,,心理现象的因果，当然是比物质现象的因果复杂得多。,1.0,唐钺_000_b5cd146b,唐钺_000_b5cd146b_s0003
segment:0645d743861c,entity:f64233a82faa,MENTIONS,MENTIONS,neutral,0,0,,物质界的因果，如瀑布喷沫，都有时不能推测，何况心理界的因果呢？,1.0,唐钺_000_b5cd146b,唐钺_000_b5cd146b_s0003
segment:0645d743861c,entity:939a89d5340a,MENTIONS,MENTIONS,neutral,0,0,,物质界的因果，如瀑布喷沫，都有时不能推测，何况心理界的因果呢？,1.0,唐钺_000_b5cd146b,唐钺_000_b5cd146b_s0003
segment:0645d743861c,entity:41274775518d,MENTIONS,MENTIONS,neutral,0,0,,物质界的因果，如瀑布喷沫，都有时不能推测，何况心理界的因果呢？,1.0,唐钺_000_b5cd146b,唐钺_000_b5cd146b_s0003
segment:607b140505f6,entity:2113d0c5f791,MENTIONS,MENTIONS,neutral,0,0,,无因论者说，物质是死的，固定的，凝滞不变的，所以有因果可言；心理现象是活的，顷刻万变的，一定没有因果可言。,1.0,唐钺_000_b5cd146b,唐钺_000_b5cd146b_s0004
segment:607b140505f6,entity:c3290e5df355,MENTIONS,MENTIONS,neutral,0,0,,所谓物质，不过是“常久的感觉的可能”。,1.0,唐钺_000_b5cd146b,唐钺_000_b5cd146b_s0004
segment:607b140505f6,entity:b4059de00b68,MENTIONS,MENTIONS,neutral,0,0,,心理现象是活的，顷刻万变的，一定没有因果可言。,1.0,唐钺_000_b5cd146b,唐钺_000_b5cd146b_s0004
segment:607b140505f6,entity:45306d2c74d9,MENTIONS,MENTIONS,neutral,0,0,,这是穆勒约翰所下的定义，是现代人普遍承认的。,1.0,唐钺_000_b5cd146b,唐钺_000_b5cd146b_s0004
segment:607b140505f6,entity:c7180a2278a0,MENTIONS,MENTIONS,neutral,0,0,,近来爱因斯坦的相对论出来，更可以证明物质现象就是心理现象，不是死而固定的，比如风的方向速度是顷刻变化的，但是不能说他是没有因果可言；心理现象也是这样。,1.0,唐钺_000_b5cd146b,唐钺_000_b5cd146b_s0004
segment:607b140505f6,entity:adc01b1e0494,MENTIONS,MENTIONS,neutral,0,0,,无因论者又说，心理现象就是柏格森所谓“纯粹绵延”。,1.0,唐钺_000_b5cd146b,唐钺_000_b5cd146b_s0004
segment:607b140505f6,entity:dbc5dd998676,MENTIONS,MENTIONS,neutral,0,0,,无因论者又说，心理现象就是柏格森所谓“纯粹绵延”。,1.0,唐钺_000_b5cd146b,唐钺_000_b5cd146b_s0004
segment:607b140505f6,entity:df705c8a7412,MENTIONS,MENTIONS,neutral,0,0,,杜里舒说：“以我观之，体验者乃断断续续的，而非永续的。故当比之于电光之烁闪，不得名曰河流。‘我有’、‘我体验’既为点的，则此断续势不能熔成一片，如不尽之江河。”,1.0,唐钺_000_b5cd146b,唐钺_000_b5cd146b_s0004
segment:607b140505f6,entity:b3778655c6e1,MENTIONS,MENTIONS,neutral,0,0,,所以他不容纳“意识之流”的用语。,1.0,唐钺_000_b5cd146b,唐钺_000_b5cd146b_s0004
segment:607b140505f6,entity:193ac6755fb7,MENTIONS,MENTIONS,neutral,0,0,,（杜里舒《讲演录》《近世心理问题》第四期第二十一页）,1.0,唐钺_000_b5cd146b,唐钺_000_b5cd146b_s0004
segment:607b140505f6,entity:e107b1922416,MENTIONS,MENTIONS,neutral,0,0,,野蛮人觉得雷一定是天神的发脾气，信鬼的觉得一定有鬼，我们不能承认他们的“觉得”是一种理由。,1.0,唐钺_000_b5cd146b,唐钺_000_b5cd146b_s0004
segment:607b140505f6,entity:3582ca50cec4,MENTIONS,MENTIONS,neutral,0,0,,野蛮人觉得雷一定是天神的发脾气，信鬼的觉得一定有鬼，我们不能承认他们的“觉得”是一种理由。,1.0,唐钺_000_b5cd146b,唐钺_000_b5cd146b_s0004
segment:607b140505f6,entity:b1058a490dd1,MENTIONS,MENTIONS,neutral,0,0,,这种的议论现代大多数思想家已经不承认。,1.0,唐钺_000_b5cd146b,唐钺_000_b5cd146b_s0004
segment:607b140505f6,entity:21e9d1712e86,MENTIONS,MENTIONS,neutral,0,0,,这是穆勒约翰所下的定义，是现代人普遍承认的。,1.0,唐钺_000_b5cd146b,唐钺_000_b5cd146b_s0004
segment:3e9af9d12de5,entity:d6683c699867,MENTIONS,MENTIONS,neutral,0,0,,杜氏在别地方与柏氏同意的很多，他的话当然不是门户之见。,0.9,唐钺_000_b5cd146b,唐钺_000_b5cd146b_s0005
segment:3e9af9d12de5,entity:adc01b1e0494,MENTIONS,MENTIONS,neutral,0,0,,杜氏在别地方与柏氏同意的很多，他的话当然不是门户之见。,0.9,唐钺_000_b5cd146b,唐钺_000_b5cd146b_s0005
segment:3e9af9d12de5,entity:b4059de00b68,MENTIONS,MENTIONS,neutral,0,0,,据我的经验，心理现象是断续无常的。,0.9,唐钺_000_b5cd146b,唐钺_000_b5cd146b_s0005
segment:3e9af9d12de5,entity:dbc5dd998676,MENTIONS,MENTIONS,neutral,0,0,,柏氏所谓纯粹绵延，或者是柏氏所见的“道”，断断不是我们凡夫所经验的心理现象了。,0.9,唐钺_000_b5cd146b,唐钺_000_b5cd146b_s0005
segment:3e9af9d12de5,entity:a4ed7714b8a4,MENTIONS,MENTIONS,neutral,0,0,,柏氏所谓纯粹绵延，或者是柏氏所见的“道”，断断不是我们凡夫所经验的心理现象了。,0.9,唐钺_000_b5cd146b,唐钺_000_b5cd146b_s0005
segment:3e9af9d12de5,entity:128ff0bf4189,MENTIONS,MENTIONS,neutral,0,0,,断断不是我们凡夫所经验的心理现象了。,0.9,唐钺_000_b5cd146b,唐钺_000_b5cd146b_s0005
segment:3e9af9d12de5,entity:08626a68d268,MENTIONS,MENTIONS,neutral,0,0,,因果律说，同一个的因生同一个的果。,0.9,唐钺_000_b5cd146b,唐钺_000_b5cd146b_s0005
segment:3e9af9d12de5,entity:fb6263603c93,MENTIONS,MENTIONS,neutral,0,0,,这话罗素在《哲学中之科学的方法》的《因的观念》章中已经驳过了。,0.9,唐钺_000_b5cd146b,唐钺_000_b5cd146b_s0005
segment:3e9af9d12de5,entity:c99605b4409a,MENTIONS,MENTIONS,neutral,0,0,,这话罗素在《哲学中之科学的方法》的《因的观念》章中已经驳过了。,0.9,唐钺_000_b5cd146b,唐钺_000_b5cd146b_s0005
segment:3e9af9d12de5,entity:6c560971c96c,MENTIONS,MENTIONS,neutral,0,0,,这话罗素在《哲学中之科学的方法》的《因的观念》章中已经驳过了。,0.9,唐钺_000_b5cd146b,唐钺_000_b5cd146b_s0005
segment:3e9af9d12de5,entity:d42304982af9,MENTIONS,MENTIONS,neutral,0,0,,就看见白纸现蓝色（即所谓消极余像）。,0.9,唐钺_000_b5cd146b,唐钺_000_b5cd146b_s0005
segment:3e9af9d12de5,entity:2113d0c5f791,MENTIONS,MENTIONS,neutral,0,0,,无因论者又说，心理现象许多是有个性的，不能用某某原因来解释他。,0.9,唐钺_000_b5cd146b,唐钺_000_b5cd146b_s0005
segment:3e9af9d12de5,entity:7b952817b9a8,MENTIONS,MENTIONS,neutral,0,0,,例如人格，文艺作品等。,0.9,唐钺_000_b5cd146b,唐钺_000_b5cd146b_s0005
segment:3e9af9d12de5,entity:707ae20bc252,MENTIONS,MENTIONS,neutral,0,0,,例如人格，文艺作品等。,0.9,唐钺_000_b5cd146b,唐钺_000_b5cd146b_s0005
segment:791b2148818a,entity:097a3f954759,MENTIONS,MENTIONS,neutral,0,0,,还有许多事情，可以证明意志是有原因的。,0.9,唐钺_000_b5cd146b,唐钺_000_b5cd146b_s0008
segment:791b2148818a,entity:2113d0c5f791,MENTIONS,MENTIONS,neutral,0,0,,就是无因论者也相信“内生活”，“精神修养”可以造成高尚的人格。,0.9,唐钺_000_b5cd146b,唐钺_000_b5cd146b_s0008
segment:791b2148818a,entity:0ccb2bf0514f,MENTIONS,MENTIONS,neutral,0,0,,就是无因论者也相信“内生活”，“精神修养”可以造成高尚的人格。,0.8,唐钺_000_b5cd146b,唐钺_000_b5cd146b_s0008
segment:791b2148818a,entity:b4ad18820f88,MENTIONS,MENTIONS,neutral,0,0,,就是无因论者也相信“内生活”，“精神修养”可以造成高尚的人格。,0.8,唐钺_000_b5cd146b,唐钺_000_b5cd146b_s0008
segment:791b2148818a,entity:3a5846dc568b,MENTIONS,MENTIONS,neutral,0,0,,岂不是孔、孟、释迦、耶稣及一切教育家都是无事自扰吗？,0.9,唐钺_000_b5cd146b,唐钺_000_b5cd146b_s0008
segment:791b2148818a,entity:2512c7f0c472,MENTIONS,MENTIONS,neutral,0,0,,岂不是孔、孟、释迦、耶稣及一切教育家都是无事自扰吗？,0.9,唐钺_000_b5cd146b,唐钺_000_b5cd146b_s0008
segment:791b2148818a,entity:0db6864d5c8c,MENTIONS,MENTIONS,neutral,0,0,,岂不是孔、孟、释迦、耶稣及一切教育家都是无事自扰吗？,0.9,唐钺_000_b5cd146b,唐钺_000_b5cd146b_s0008
segment:791b2148818a,entity:67821481a750,MENTIONS,MENTIONS,neutral,0,0,,无因论者又说，人生观是心理现象，而他是无因果可言的，所以至少心理现象中这一点是无因的。,0.9,唐钺_000_b5cd146b,唐钺_000_b5cd146b_s0008
segment:791b2148818a,entity:b4059de00b68,MENTIONS,MENTIONS,neutral,0,0,,无因论者又说，人生观是心理现象，而他是无因果可言的，所以至少心理现象中这一点是无因的。,0.9,唐钺_000_b5cd146b,唐钺_000_b5cd146b_s0008
segment:791b2148818a,entity:d8178de007d4,MENTIONS,MENTIONS,neutral,0,0,,因为人生观，用无因论者的名词说，无非是纯粹思想、意志、人格等的表现。,0.8,唐钺_000_b5cd146b,唐钺_000_b5cd146b_s0008
segment:791b2148818a,entity:7b952817b9a8,MENTIONS,MENTIONS,neutral,0,0,,因为人生观，用无因论者的名词说，无非是纯粹思想、意志、人格等的表现。,0.8,唐钺_000_b5cd146b,唐钺_000_b5cd146b_s0008
segment:791b2148818a,entity:a5142730b328,MENTIONS,MENTIONS,neutral,0,0,,这种态度是随着一个人神经构造、经验、知识等而变的。,0.8,唐钺_000_b5cd146b,唐钺_000_b5cd146b_s0008
segment:791b2148818a,entity:10719f3b2a3e,MENTIONS,MENTIONS,neutral,0,0,,这种态度是随着一个人神经构造、经验、知识等而变的。,0.8,唐钺_000_b5cd146b,唐钺_000_b5cd146b_s0008
segment:791b2148818a,entity:83f2688085fe,MENTIONS,MENTIONS,neutral,0,0,,这种态度是随着一个人神经构造、经验、知识等而变的。,0.8,唐钺_000_b5cd146b,唐钺_000_b5cd146b_s0008
segment:791b2148818a,entity:396474728a49,MENTIONS,MENTIONS,neutral,0,0,,无因论者以为叔本华、哈德门的人生观是直觉的，其实他们自己并不承认这事。,0.9,唐钺_000_b5cd146b,唐钺_000_b5cd146b_s0008
segment:791b2148818a,entity:56cfd8ef4b86,MENTIONS,MENTIONS,neutral,0,0,,无因论者以为叔本华、哈德门的人生观是直觉的，其实他们自己并不承认这事。,0.9,唐钺_000_b5cd146b,唐钺_000_b5cd146b_s0008
segment:791b2148818a,entity:c732384558e8,MENTIONS,MENTIONS,neutral,0,0,,无因论者以为叔本华、哈德门的人生观是直觉的，其实他们自己并不承认这事。,0.8,唐钺_000_b5cd146b,唐钺_000_b5cd146b_s0008
segment:791b2148818a,entity:fc038197b9b5,MENTIONS,MENTIONS,neutral,0,0,,哈德门还要说他的哲学是从归纳法得来的。,0.9,唐钺_000_b5cd146b,唐钺_000_b5cd146b_s0008
segment:791b2148818a,entity:3868a7d042bc,MENTIONS,MENTIONS,neutral,0,0,,例如，柯白尼太阳居中说，同后来的达尔文的人猿同祖说发明以后，世界人类的人生观起绝大变动；,0.9,唐钺_000_b5cd146b,唐钺_000_b5cd146b_s0008
segment:791b2148818a,entity:234fb9d03b1e,MENTIONS,MENTIONS,neutral,0,0,,例如，柯白尼太阳居中说，同后来的达尔文的人猿同祖说发明以后，世界人类的人生观起绝大变动；,0.9,唐钺_000_b5cd146b,唐钺_000_b5cd146b_s0008
segment:791b2148818a,entity:14a393f579d8,MENTIONS,MENTIONS,neutral,0,0,,世界人类的人生观起绝大变动；,0.8,唐钺_000_b5cd146b,唐钺_000_b5cd146b_s0008
segment:791b2148818a,entity:d99c0bb86266,MENTIONS,MENTIONS,neutral,0,0,,这是无可疑的历史事实。,0.8,唐钺_000_b5cd146b,唐钺_000_b5cd146b_s0008
segment:791b2148818a,entity:19bb5a8c6890,MENTIONS,MENTIONS,neutral,0,0,,何以随自然界的知识而变更呢？,0.8,唐钺_000_b5cd146b,唐钺_000_b5cd146b_s0008
segment:60c41feca7a6,entity:63c29ace08fb,MENTIONS,MENTIONS,neutral,0,0,,本公例，是比在自然界难些。,0.8,唐钺_000_b5cd146b,唐钺_000_b5cd146b_s0010
segment:60c41feca7a6,entity:5234540365e3,MENTIONS,MENTIONS,neutral,0,0,,心理界有如此的一律性，是无可疑的。,0.9,唐钺_000_b5cd146b,唐钺_000_b5cd146b_s0010
segment:60c41feca7a6,entity:bca576e8a0d3,MENTIONS,MENTIONS,neutral,0,0,,本公例，是比在自然界难些。,0.9,唐钺_000_b5cd146b,唐钺_000_b5cd146b_s0010
segment:60c41feca7a6,entity:b0d710e5a1b6,MENTIONS,MENTIONS,neutral,0,0,,心理界有如此的一律性，是无可疑的。,0.8,唐钺_000_b5cd146b,唐钺_000_b5cd146b_s0010
segment:60c41feca7a6,entity:f32682993745,MENTIONS,MENTIONS,neutral,0,0,,自由与得正当了解的因果性，完全没有冲突的；自由不是超越法律的支配。,0.9,唐钺_000_b5cd146b,唐钺_000_b5cd146b_s0010
segment:60c41feca7a6,entity:700d9a374d77,MENTIONS,MENTIONS,neutral,0,0,,自由与得正当了解的因果性，完全没有冲突的；自由不是超越法律的支配。,0.9,唐钺_000_b5cd146b,唐钺_000_b5cd146b_s0010
segment:60c41feca7a6,entity:0f624a869c61,MENTIONS,MENTIONS,neutral,0,0,,伦理学对于一种内生活的自由，等于无定律无条贯的，实在没有趣味。,0.9,唐钺_000_b5cd146b,唐钺_000_b5cd146b_s0010
segment:60c41feca7a6,entity:0ccb2bf0514f,MENTIONS,MENTIONS,neutral,0,0,,伦理学对于一种内生活的自由，等于无定律无条贯的，实在没有趣味。,0.8,唐钺_000_b5cd146b,唐钺_000_b5cd146b_s0010
segment:60c41feca7a6,entity:097a3f954759,MENTIONS,MENTIONS,neutral,0,0,,绝对不相连系的元素，与过去未来没有因果关系的孤立的意志，假如真有，就是意志的错乱；不！就是心灵生活的完全破坏。,0.9,唐钺_000_b5cd146b,唐钺_000_b5cd146b_s0010
segment:60c41feca7a6,entity:fdc90fe7b568,MENTIONS,MENTIONS,neutral,0,0,,就是心灵生活的完全破坏。,0.8,唐钺_000_b5cd146b,唐钺_000_b5cd146b_s0010
segment:60c41feca7a6,entity:05c5779ad51b,MENTIONS,MENTIONS,neutral,0,0,,没有因果性，就没有目的性。,0.9,唐钺_000_b5cd146b,唐钺_000_b5cd146b_s0010
segment:60c41feca7a6,entity:6b9979cc2049,MENTIONS,MENTIONS,neutral,0,0,,"（F. Paulsen, Introduction to Philosophy, translated by F. Thilly, P. 221）",0.9,唐钺_000_b5cd146b,唐钺_000_b5cd146b_s0010
segment:60c41feca7a6,entity:061f65f9dadc,MENTIONS,MENTIONS,neutral,0,0,,"（F. Paulsen, Introduction to Philosophy, translated by F. Thilly, P. 221）",0.9,唐钺_000_b5cd146b,唐钺_000_b5cd146b_s0010
segment:60c41feca7a6,entity:0b1330ef4743,MENTIONS,MENTIONS,neutral,0,0,,"（F. Paulsen, Introduction to Philosophy, translated by F. Thilly, P. 221）",0.9,唐钺_000_b5cd146b,唐钺_000_b5cd146b_s0010
segment:c520a85b04c5,entity:a252ef6e0c94,MENTIONS,MENTIONS,neutral,0,0,,任公所定的国际法里头已经有了,0.9,唐钺_001_c4e36ba4,唐钺_001_c4e36ba4_s0002
segment:c520a85b04c5,entity:fe901cfcc616,MENTIONS,MENTIONS,neutral,0,0,,君劢的讲演，范围已经广泛,0.9,唐钺_001_c4e36ba4,唐钺_001_c4e36ba4_s0002
segment:c520a85b04c5,entity:0bacf98593d1,MENTIONS,MENTIONS,neutral,0,0,,在君又把他稍微放大些,0.9,唐钺_001_c4e36ba4,唐钺_001_c4e36ba4_s0002
segment:c520a85b04c5,entity:e0d3c2a9e680,MENTIONS,MENTIONS,neutral,0,0,,又经林宰平先生分段辩论,0.9,唐钺_001_c4e36ba4,唐钺_001_c4e36ba4_s0002
segment:c520a85b04c5,entity:63cdabd7e3ef,MENTIONS,MENTIONS,neutral,0,0,,张东荪先生又提出三题来,0.9,唐钺_001_c4e36ba4,唐钺_001_c4e36ba4_s0002
segment:c520a85b04c5,entity:07cdc1579ac0,MENTIONS,MENTIONS,neutral,0,0,,（一）人生观与科学的异点（这是君劢的原题）,0.9,唐钺_001_c4e36ba4,唐钺_001_c4e36ba4_s0002
segment:c520a85b04c5,entity:7657d73861ec,MENTIONS,MENTIONS,neutral,0,0,,（二）人生观与玄学的关系,0.9,唐钺_001_c4e36ba4,唐钺_001_c4e36ba4_s0002
segment:c520a85b04c5,entity:fb9fc550df8d,MENTIONS,MENTIONS,neutral,0,0,,（三）科学的分类法,0.9,唐钺_001_c4e36ba4,唐钺_001_c4e36ba4_s0002
segment:c520a85b04c5,entity:a1342c5daa22,MENTIONS,MENTIONS,neutral,0,0,,（四）论理学（包概念推论等）与科学的关系,0.9,唐钺_001_c4e36ba4,唐钺_001_c4e36ba4_s0002
segment:c520a85b04c5,entity:6501298aed4d,MENTIONS,MENTIONS,neutral,0,0,,（五）物和心,0.9,唐钺_001_c4e36ba4,唐钺_001_c4e36ba4_s0002
segment:c520a85b04c5,entity:239a0dbe19f0,MENTIONS,MENTIONS,neutral,0,0,,（六）知识论,0.9,唐钺_001_c4e36ba4,唐钺_001_c4e36ba4_s0002
segment:c520a85b04c5,entity:347d65934962,MENTIONS,MENTIONS,neutral,0,0,,（七）纯粹心理现象与因果律,0.9,唐钺_001_c4e36ba4,唐钺_001_c4e36ba4_s0002
segment:c520a85b04c5,entity:7842f69c1ba1,MENTIONS,MENTIONS,neutral,0,0,,（八）科学教育和修养,0.9,唐钺_001_c4e36ba4,唐钺_001_c4e36ba4_s0002
segment:c520a85b04c5,entity:35f840b8cd18,MENTIONS,MENTIONS,neutral,0,0,,（九）人生观和情感的关系,0.9,唐钺_001_c4e36ba4,唐钺_001_c4e36ba4_s0002
segment:c520a85b04c5,entity:8e6cde5def37,MENTIONS,MENTIONS,neutral,0,0,,（十）情感和科学方法的关系,0.9,唐钺_001_c4e36ba4,唐钺_001_c4e36ba4_s0002
segment:c520a85b04c5,entity:ccbc64a38aba,MENTIONS,MENTIONS,neutral,0,0,,（十一）科学与哲学的分界,0.9,唐钺_001_c4e36ba4,唐钺_001_c4e36ba4_s0002
segment:c520a85b04c5,entity:777ebb363760,MENTIONS,MENTIONS,neutral,0,0,,（十二）科学的性质,0.9,唐钺_001_c4e36ba4,唐钺_001_c4e36ba4_s0002
segment:c520a85b04c5,entity:4542cf02fba6,MENTIONS,MENTIONS,neutral,0,0,,（十三）科学与考据学的关系,0.9,唐钺_001_c4e36ba4,唐钺_001_c4e36ba4_s0002
segment:c520a85b04c5,entity:9956843ff688,MENTIONS,MENTIONS,neutral,0,0,,对于题目应负的责任，第一件，任公所定的国际法里头已经有了,0.8,唐钺_001_c4e36ba4,唐钺_001_c4e36ba4_s0002
segment:c520a85b04c5,entity:9fbb943559e7,MENTIONS,MENTIONS,neutral,0,0,,任公所定的国际法里头已经有了,0.7,唐钺_001_c4e36ba4,唐钺_001_c4e36ba4_s0002
segment:972f03c027c0,entity:2931a1430a3d,MENTIONS,MENTIONS,neutral,0,0,,哲学者不能绝对不谈科学,0.9,唐钺_001_c4e36ba4,唐钺_001_c4e36ba4_s0004
segment:972f03c027c0,entity:0a5d9170d332,MENTIONS,MENTIONS,neutral,0,0,,哲学不能不顾及科学的事实,0.9,唐钺_001_c4e36ba4,唐钺_001_c4e36ba4_s0004
segment:972f03c027c0,entity:adc01b1e0494,MENTIONS,MENTIONS,neutral,0,0,,就是柏格森主张直觉是科学惟一方法,0.9,唐钺_001_c4e36ba4,唐钺_001_c4e36ba4_s0004
segment:972f03c027c0,entity:75a674f027b9,MENTIONS,MENTIONS,neutral,0,0,,柏格森主张直觉是科学惟一方法,0.9,唐钺_001_c4e36ba4,唐钺_001_c4e36ba4_s0004
segment:972f03c027c0,entity:dff2e629a329,MENTIONS,MENTIONS,neutral,0,0,,他若不懂科学方法，何以知科学方法之不适用于哲学呢,0.9,唐钺_001_c4e36ba4,唐钺_001_c4e36ba4_s0004
segment:972f03c027c0,entity:a5902cbd02aa,MENTIONS,MENTIONS,neutral,0,0,,科学方法之不适用于哲学,0.9,唐钺_001_c4e36ba4,唐钺_001_c4e36ba4_s0004
segment:972f03c027c0,entity:fe901cfcc616,MENTIONS,MENTIONS,neutral,0,0,,君劢和在君虽然是中国学术界中的“命妇”,0.9,唐钺_001_c4e36ba4,唐钺_001_c4e36ba4_s0004
segment:972f03c027c0,entity:0bacf98593d1,MENTIONS,MENTIONS,neutral,0,0,,君劢和在君虽然是中国学术界中的“命妇”,0.9,唐钺_001_c4e36ba4,唐钺_001_c4e36ba4_s0004
segment:972f03c027c0,entity:786fb6544d70,MENTIONS,MENTIONS,neutral,0,0,,至于东荪先生的“如蒙赐教，恕不答复”的态度,0.9,唐钺_001_c4e36ba4,唐钺_001_c4e36ba4_s0004
segment:972f03c027c0,entity:f7a46da827ca,MENTIONS,MENTIONS,neutral,0,0,,东荪先生的“如蒙赐教，恕不答复”的态度,0.9,唐钺_001_c4e36ba4,唐钺_001_c4e36ba4_s0004
segment:972f03c027c0,entity:fbacb7e05de3,MENTIONS,MENTIONS,neutral,0,0,,使真理早些发见呢,0.9,唐钺_001_c4e36ba4,唐钺_001_c4e36ba4_s0004
segment:972f03c027c0,entity:02faaacbdf75,MENTIONS,MENTIONS,neutral,0,0,,我国还没有适当机关，可以发表玄学同学中一般的问题的言论的,0.9,唐钺_001_c4e36ba4,唐钺_001_c4e36ba4_s0004
segment:972f03c027c0,entity:6addb6c44486,MENTIONS,MENTIONS,neutral,0,0,,所以日报周刊，起而兼担这种责任,0.9,唐钺_001_c4e36ba4,唐钺_001_c4e36ba4_s0004
segment:7183b22296f4,entity:5e546fdc627e,MENTIONS,MENTIONS,neutral,0,0,,就是一时不能完全分析美感，但却不可不用分析方法来驾驭他。,0.9,唐钺_002_5e996979,唐钺_002_5e996979_s0003
segment:7183b22296f4,entity:f8fd03679c20,MENTIONS,MENTIONS,neutral,0,0,,因为用所谓“直觉”，“综合”等方法，是无结果的。,0.9,唐钺_002_5e996979,唐钺_002_5e996979_s0003
segment:7183b22296f4,entity:2bd1fea21b82,MENTIONS,MENTIONS,neutral,0,0,,因为用所谓“直觉”，“综合”等方法，是无结果的。,0.9,唐钺_002_5e996979,唐钺_002_5e996979_s0003
segment:7183b22296f4,entity:8619420821db,MENTIONS,MENTIONS,neutral,0,0,,譬如杜甫的诗，用分析的方法，如《杜工部诗话》所采集来的材料中一部分，虽然不精密，还有可以使人了悟的地方。,0.9,唐钺_002_5e996979,唐钺_002_5e996979_s0003
segment:7183b22296f4,entity:4c6190ffad4e,MENTIONS,MENTIONS,neutral,0,0,,譬如杜甫的诗，用分析的方法，如《杜工部诗话》所采集来的材料中一部分，虽然不精密，还有可以使人了悟的地方。,0.9,唐钺_002_5e996979,唐钺_002_5e996979_s0003
segment:7183b22296f4,entity:9870d2d1c701,MENTIONS,MENTIONS,neutral,0,0,,譬如杜甫的诗，用分析的方法，如《杜工部诗话》所采集来的材料中一部分，虽然不精密，还有可以使人了悟的地方。,0.9,唐钺_002_5e996979,唐钺_002_5e996979_s0003
segment:7183b22296f4,entity:8cbaf5adae62,MENTIONS,MENTIONS,neutral,0,0,,若不用分析法，简直一天到晚说他怎样沉郁，怎样浑雄，岂不是越说越糊涂了吗？,0.9,唐钺_002_5e996979,唐钺_002_5e996979_s0003
segment:7183b22296f4,entity:52b209494e1b,MENTIONS,MENTIONS,neutral,0,0,,若不用分析法，简直一天到晚说他怎样沉郁，怎样浑雄，岂不是越说越糊涂了吗？,0.9,唐钺_002_5e996979,唐钺_002_5e996979_s0003
segment:7183b22296f4,entity:1ca2e95e6af5,MENTIONS,MENTIONS,neutral,0,0,,美的分析，现在虽然不精密，但是我们知道美一定不是不可分析的。,0.9,唐钺_002_5e996979,唐钺_002_5e996979_s0003
segment:7183b22296f4,entity:4fa15774cb56,MENTIONS,MENTIONS,neutral,0,0,,但是我们知道美一定不是不可分析的。,0.9,唐钺_002_5e996979,唐钺_002_5e996979_s0003
segment:7183b22296f4,entity:e107b1922416,MENTIONS,MENTIONS,neutral,0,0,,我们知道野蛮人同小孩常常喜欢浓艳眩目的颜色，如深红，浓绿等，而且不管他们怎样配合。,0.9,唐钺_002_5e996979,唐钺_002_5e996979_s0003
segment:7183b22296f4,entity:9b15e153e784,MENTIONS,MENTIONS,neutral,0,0,,我们知道野蛮人同小孩常常喜欢浓艳眩目的颜色，如深红，浓绿等，而且不管他们怎样配合。,0.9,唐钺_002_5e996979,唐钺_002_5e996979_s0003
segment:7183b22296f4,entity:7f00d2c725ae,MENTIONS,MENTIONS,neutral,0,0,,至于受过陶冶的人就喜欢“清微淡远”的颜色——如青，紫，及浅红，淡黄之类——并且注意他们的配合。,0.9,唐钺_002_5e996979,唐钺_002_5e996979_s0003
segment:7183b22296f4,entity:ce0d0156d1fc,MENTIONS,MENTIONS,neutral,0,0,,至于受过陶冶的人就喜欢“清微淡远”的颜色——如青，紫，及浅红，淡黄之类——并且注意他们的配合。,0.9,唐钺_002_5e996979,唐钺_002_5e996979_s0003
segment:7183b22296f4,entity:1650d5335fe8,MENTIONS,MENTIONS,neutral,0,0,,这可见美不是超乎理智的东西，美感是随理智的进步而变化的。,0.9,唐钺_002_5e996979,唐钺_002_5e996979_s0003
segment:7183b22296f4,entity:ad791fead60a,MENTIONS,MENTIONS,neutral,0,0,,这可见美不是超乎理智的东西，美感是随理智的进步而变化的。,0.9,唐钺_002_5e996979,唐钺_002_5e996979_s0003
segment:7183b22296f4,entity:590de04e9425,MENTIONS,MENTIONS,neutral,0,0,,这种理智的成分，可以用科学方法支配的。,0.9,唐钺_002_5e996979,唐钺_002_5e996979_s0003
segment:7183b22296f4,entity:dff2e629a329,MENTIONS,MENTIONS,neutral,0,0,,这种理智的成分，可以用科学方法支配的。,0.9,唐钺_002_5e996979,唐钺_002_5e996979_s0003
segment:7183b22296f4,entity:055bf529cea9,MENTIONS,MENTIONS,neutral,0,0,,其不可分析的部分，就是美的直接经验的性质；那是科学的起点，而且理智事项也都有这种不可分析的起点的。,0.9,唐钺_002_5e996979,唐钺_002_5e996979_s0003
segment:7183b22296f4,entity:bc849a72cc52,MENTIONS,MENTIONS,neutral,0,0,,其不可分析的部分，就是美的直接经验的性质；那是科学的起点，而且理智事项也都有这种不可分析的起点的。,0.9,唐钺_002_5e996979,唐钺_002_5e996979_s0003
segment:7183b22296f4,entity:c6dfb82b7002,MENTIONS,MENTIONS,neutral,0,0,,而且理智事项也都有这种不可分析的起点的。,0.9,唐钺_002_5e996979,唐钺_002_5e996979_s0003
segment:7183b22296f4,entity:b2f51af42ceb,MENTIONS,MENTIONS,neutral,0,0,,这种起点，就是所谓“所与性”。,0.9,唐钺_002_5e996979,唐钺_002_5e996979_s0003
segment:7183b22296f4,entity:2a702f184d42,MENTIONS,MENTIONS,neutral,0,0,,我们所要分析的，是一个“所与”同别的“所与”的关系，就是要有什么其他“所与”而这一个“所与”才能发生。,0.9,唐钺_002_5e996979,唐钺_002_5e996979_s0003
segment:7183b22296f4,entity:25baf12988c2,MENTIONS,MENTIONS,neutral,0,0,,至于要分析“所与”的本体，是无意义的问题，好像问白色为什么是白色，或是问第一个以前还有第一个没有一样。,0.9,唐钺_002_5e996979,唐钺_002_5e996979_s0003
segment:7183b22296f4,entity:0e80d76bdeec,MENTIONS,MENTIONS,neutral,0,0,,任公由美说到爱，他的浪漫的笔锋更起劲了。,0.9,唐钺_002_5e996979,唐钺_002_5e996979_s0003
segment:7183b22296f4,entity:99043bdf0344,MENTIONS,MENTIONS,neutral,0,0,,假令有两位青年男女相约为“科学的恋爱”，岂不令人喷饭？,0.9,唐钺_002_5e996979,唐钺_002_5e996979_s0003
segment:7183b22296f4,entity:a252ef6e0c94,MENTIONS,MENTIONS,neutral,0,0,,任公由美说到爱，他的浪漫的笔锋更起劲了。,0.9,唐钺_002_5e996979,唐钺_002_5e996979_s0003
segment:ad17e87804ab,entity:b5972132c7fe,MENTIONS,MENTIONS,neutral,0,0,,最受知遇的康有为却没有攀龙髯而去,1.0,唐钺_002_5e996979,唐钺_002_5e996979_s0006
segment:ad17e87804ab,entity:09450634a634,MENTIONS,MENTIONS,neutral,0,0,,田横岛上五百人的自杀，动机无可取，方法更无论，岂可看做极优的人生观？,1.0,唐钺_002_5e996979,唐钺_002_5e996979_s0006
segment:ad17e87804ab,entity:4e372b86eac8,MENTIONS,MENTIONS,neutral,0,0,,至于“孔席不暖，墨突不黔，释迦割臂饲鹰（这是无稽的神话，我只是不相信），基督钉十字架替人赎罪（替人赎罪也是神话）”,1.0,唐钺_002_5e996979,唐钺_002_5e996979_s0006
segment:ad17e87804ab,entity:afb2b83df609,MENTIONS,MENTIONS,neutral,0,0,,这四个人是理智极高，感情极富的,0.8,唐钺_002_5e996979,唐钺_002_5e996979_s0006
segment:ad17e87804ab,entity:2bc327c5f3b6,MENTIONS,MENTIONS,neutral,0,0,,于“民胞物与”的道理见得深切,1.0,唐钺_002_5e996979,唐钺_002_5e996979_s0006
segment:ad17e87804ab,entity:c7af70d6ccc6,MENTIONS,MENTIONS,neutral,0,0,,这种极伟大的人物同冥顽不灵及穷凶极恶的人，一样是变态的,1.0,唐钺_002_5e996979,唐钺_002_5e996979_s0006
segment:ad17e87804ab,entity:bdc2362b24f8,MENTIONS,MENTIONS,neutral,0,0,,这种极伟大的人物同冥顽不灵及穷凶极恶的人，一样是变态的,1.0,唐钺_002_5e996979,唐钺_002_5e996979_s0006
segment:ad17e87804ab,entity:583b41ce7bda,MENTIONS,MENTIONS,neutral,0,0,,请看《论衡·实知篇》，就知道汉时已经把孔子当做神人,1.0,唐钺_002_5e996979,唐钺_002_5e996979_s0006
segment:ad17e87804ab,entity:507f5828498e,MENTIONS,MENTIONS,neutral,0,0,,汉时已经把孔子当做神人,1.0,唐钺_002_5e996979,唐钺_002_5e996979_s0006
segment:ad17e87804ab,entity:2512c7f0c472,MENTIONS,MENTIONS,neutral,0,0,,耶稣、释迦的理想化，当然是更厉害,1.0,唐钺_002_5e996979,唐钺_002_5e996979_s0006
segment:ad17e87804ab,entity:3a5846dc568b,MENTIONS,MENTIONS,neutral,0,0,,耶稣、释迦的理想化，当然是更厉害,1.0,唐钺_002_5e996979,唐钺_002_5e996979_s0006
segment:ad17e87804ab,entity:62e37aac5cf1,MENTIONS,MENTIONS,neutral,0,0,,至于“人类活历史，却什有八九从这种神秘（指‘一个人对于所信仰的宗教，对于所崇拜的人或主义，那种狂热情绪’）中创造出来”,1.0,唐钺_002_5e996979,唐钺_002_5e996979_s0006
segment:ad17e87804ab,entity:ed301ecb2db7,MENTIONS,MENTIONS,neutral,0,0,,至于“人类活历史，却什有八九从这种神秘（指‘一个人对于所信仰的宗教，对于所崇拜的人或主义，那种狂热情绪’）中创造出来”,1.0,唐钺_002_5e996979,唐钺_002_5e996979_s0006
segment:ad17e87804ab,entity:ceeca9ce9c41,MENTIONS,MENTIONS,neutral,0,0,,热情生出活历史，固然是事实；但是，热情不可分析，又是一个问题,1.0,唐钺_002_5e996979,唐钺_002_5e996979_s0006
segment:ad17e87804ab,entity:53c6e65286ea,MENTIONS,MENTIONS,neutral,0,0,,中国历朝的女祸，欧洲宗教的残杀史，就是因为热情脱离理智的羁绊的结果,1.0,唐钺_002_5e996979,唐钺_002_5e996979_s0006
segment:ad17e87804ab,entity:4712d858a112,MENTIONS,MENTIONS,neutral,0,0,,中国历朝的女祸，欧洲宗教的残杀史，就是因为热情脱离理智的羁绊的结果,1.0,唐钺_002_5e996979,唐钺_002_5e996979_s0006
segment:ad17e87804ab,entity:61c22a79d776,MENTIONS,MENTIONS,neutral,0,0,,就是因为热情脱离理智的羁绊的结果,1.0,唐钺_002_5e996979,唐钺_002_5e996979_s0006
segment:ad17e87804ab,entity:0e80d76bdeec,MENTIONS,MENTIONS,neutral,0,0,,我们所以看得爱这样神秘,1.0,唐钺_002_5e996979,唐钺_002_5e996979_s0006
segment:bc80eefcfe9b,entity:61c22a79d776,MENTIONS,MENTIONS,neutral,0,0,,因为热情脱离理智的羁绊的结果。,0.9,唐钺_002_5e996979,唐钺_002_5e996979_s0007
segment:bc80eefcfe9b,entity:0e80d76bdeec,MENTIONS,MENTIONS,neutral,0,0,,我们所以看得爱这样神秘，是：（一）因为他的成因比别的心理事项复杂，一时不能分析得精密；（二）因为爱是最强度的快感，我们不肯用理智分析他的心理条件，因而消灭他；（三）因为他是人类最高的快感，所以许多文学家把他理想化，弄得我们以为爱是“玄之又玄”，而且“神圣不可侵犯”的东西。,0.9,唐钺_002_5e996979,唐钺_002_5e996979_s0007
segment:bc80eefcfe9b,entity:2c17533d3c9f,MENTIONS,MENTIONS,neutral,0,0,,弄得我们以为爱是“玄之又玄”，而且“神圣不可侵犯”的东西。,0.9,唐钺_002_5e996979,唐钺_002_5e996979_s0007
segment:bc80eefcfe9b,entity:73367a49b4cb,MENTIONS,MENTIONS,neutral,0,0,,其实爱同火差不多：他的本体没有什么好坏，而他的结果是可以好可以坏的。,0.9,唐钺_002_5e996979,唐钺_002_5e996979_s0007
segment:bc80eefcfe9b,entity:2a923f6ca259,MENTIONS,MENTIONS,neutral,0,0,,近年青年男女，因为信仰爱是神秘，是绝对超理智的，而弄得身败名裂，贻祸他人的，已经不少了。,0.9,唐钺_002_5e996979,唐钺_002_5e996979_s0007
segment:bc80eefcfe9b,entity:eeb2bdba553e,MENTIONS,MENTIONS,neutral,0,0,,至于爱的本身，是经验的“所与”，是不可分析而且不必分析的，同美一样。,0.9,唐钺_002_5e996979,唐钺_002_5e996979_s0007
segment:bc80eefcfe9b,entity:14a01b6bd929,MENTIONS,MENTIONS,neutral,0,0,,至于爱的本身，是经验的“所与”，是不可分析而且不必分析的，同美一样。,0.9,唐钺_002_5e996979,唐钺_002_5e996979_s0007
segment:bc80eefcfe9b,entity:4fa15774cb56,MENTIONS,MENTIONS,neutral,0,0,,至于爱的本身，是经验的“所与”，是不可分析而且不必分析的，同美一样。,0.9,唐钺_002_5e996979,唐钺_002_5e996979_s0007
segment:bc80eefcfe9b,entity:f7bd597ebfe7,MENTIONS,MENTIONS,neutral,0,0,,关于情感的事项，要就我们的知识所及，尽量用科学方法来解决的。,0.9,唐钺_002_5e996979,唐钺_002_5e996979_s0007
segment:bc80eefcfe9b,entity:dff2e629a329,MENTIONS,MENTIONS,neutral,0,0,,关于情感的事项，要就我们的知识所及，尽量用科学方法来解决的。,0.9,唐钺_002_5e996979,唐钺_002_5e996979_s0007
segment:bc80eefcfe9b,entity:f9297afc1897,MENTIONS,MENTIONS,neutral,0,0,,至于情感的事项的“超科学”的方面，不过是“所与性”，是理智事项及一切其他经验所共有的，是科学的起点；,0.9,唐钺_002_5e996979,唐钺_002_5e996979_s0007
segment:bc80eefcfe9b,entity:b2f51af42ceb,MENTIONS,MENTIONS,neutral,0,0,,至于情感的事项的“超科学”的方面，不过是“所与性”，是理智事项及一切其他经验所共有的，是科学的起点；,0.9,唐钺_002_5e996979,唐钺_002_5e996979_s0007
segment:bc80eefcfe9b,entity:c6dfb82b7002,MENTIONS,MENTIONS,neutral,0,0,,是理智事项及一切其他经验所共有的，是科学的起点；,0.9,唐钺_002_5e996979,唐钺_002_5e996979_s0007
segment:bc80eefcfe9b,entity:bc849a72cc52,MENTIONS,MENTIONS,neutral,0,0,,是理智事项及一切其他经验所共有的，是科学的起点；,0.9,唐钺_002_5e996979,唐钺_002_5e996979_s0007
segment:bc80eefcfe9b,entity:ed301ecb2db7,MENTIONS,MENTIONS,neutral,0,0,,我们叫他做“神秘”，也未尝不可；不过这种的“神秘”，同“平常”的意义无别罢了。,0.9,唐钺_002_5e996979,唐钺_002_5e996979_s0007
segment:bc80eefcfe9b,entity:93e98df5017f,MENTIONS,MENTIONS,neutral,0,0,,不过这种的“神秘”，同“平常”的意义无别罢了。,0.9,唐钺_002_5e996979,唐钺_002_5e996979_s0007
segment:bc80eefcfe9b,entity:093284643808,MENTIONS,MENTIONS,neutral,0,0,,凡诚实不自欺的人，一定不肯同十七八岁男女一般见识，把爱看做神秘而至尊无上的东西。,0.9,唐钺_002_5e996979,唐钺_002_5e996979_s0007
segment:bc80eefcfe9b,entity:40ce334d5f1a,MENTIONS,MENTIONS,neutral,0,0,,近年青年男女，因为信仰爱是神秘，是绝对超理智的，而弄得身败名裂，贻祸他人的，已经不少了。,0.9,唐钺_002_5e996979,唐钺_002_5e996979_s0007
segment:bc80eefcfe9b,entity:a8a003443969,MENTIONS,MENTIONS,neutral,0,0,,因为他是人类最高的快感，所以许多文学家把他理想化，弄得我们以为爱是“玄之又玄”，而且“神圣不可侵犯”的东西。,0.9,唐钺_002_5e996979,唐钺_002_5e996979_s0007
segment:82d764185d8e,entity:0bacf98593d1,MENTIONS,MENTIONS,neutral,0,0,,自丁在君先生发表“凡是用科学方法的研究都是科学”（这是大意，原文见他的《玄学与科学》篇中）的意思以后,1.0,唐钺_003_1292971a,唐钺_003_1292971a_s0000
segment:82d764185d8e,entity:dff2e629a329,MENTIONS,MENTIONS,neutral,0,0,,凡是用科学方法的研究都是科学,1.0,唐钺_003_1292971a,唐钺_003_1292971a_s0000
segment:82d764185d8e,entity:0a5d9170d332,MENTIONS,MENTIONS,neutral,0,0,,凡是用科学方法的研究都是科学,1.0,唐钺_003_1292971a,唐钺_003_1292971a_s0000
segment:82d764185d8e,entity:7a184ff14bc1,MENTIONS,MENTIONS,neutral,0,0,,原文见他的《玄学与科学》篇中,1.0,唐钺_003_1292971a,唐钺_003_1292971a_s0000
segment:82d764185d8e,entity:e867d428ff3f,MENTIONS,MENTIONS,neutral,0,0,,林宰平先生似乎就是有这样的感想的,1.0,唐钺_003_1292971a,唐钺_003_1292971a_s0000
segment:82d764185d8e,entity:cf2b40bf34b7,MENTIONS,MENTIONS,neutral,0,0,,其结果必至天地间无一不是科学罢了,1.0,唐钺_003_1292971a,唐钺_003_1292971a_s0000
segment:82d764185d8e,entity:9dbf163b0323,MENTIONS,MENTIONS,neutral,0,0,,充丁先生的话的结果，不过说“天地间无一不是科学的材料”罢了,1.0,唐钺_003_1292971a,唐钺_003_1292971a_s0000
segment:82d764185d8e,entity:ba4c26fdfc25,MENTIONS,MENTIONS,neutral,0,0,,丁先生在他那篇《玄学与科学讨论的余兴》上说,1.0,唐钺_003_1292971a,唐钺_003_1292971a_s0000
segment:82d764185d8e,entity:e867d428ff3f,MENTIONS,MENTIONS,neutral,0,0,,我就把林先生的话做讨论的出发点,1.0,唐钺_003_1292971a,唐钺_003_1292971a_s0000
segment:82d764185d8e,entity:6ec721188604,MENTIONS,MENTIONS,neutral,0,0,,都可称他是科学家么,1.0,唐钺_003_1292971a,唐钺_003_1292971a_s0000
segment:82d764185d8e,entity:0b5258dc9c3d,MENTIONS,MENTIONS,neutral,0,0,,科学方法中所谓试验证明，是极其谨严的,1.0,唐钺_003_1292971a,唐钺_003_1292971a_s0000
segment:82d764185d8e,entity:ff59d1373e3e,MENTIONS,MENTIONS,neutral,0,0,,也要用归纳五术等等以排除不相关的事实,1.0,唐钺_003_1292971a,唐钺_003_1292971a_s0000
segment:9e5700c5f373,entity:6302bda20dac,MENTIONS,MENTIONS,neutral,0,0,,要受试验者的制裁。,0.9,唐钺_003_1292971a,唐钺_003_1292971a_s0001
segment:9e5700c5f373,entity:ff59d1373e3e,MENTIONS,MENTIONS,neutral,0,0,,也要用归纳五术等等以排除不相关的事实。,0.9,唐钺_003_1292971a,唐钺_003_1292971a_s0001
segment:9e5700c5f373,entity:9bcf699cdee5,MENTIONS,MENTIONS,neutral,0,0,,这种真正的科学方法，不能够完全应用。,0.9,唐钺_003_1292971a,唐钺_003_1292971a_s0001
segment:9e5700c5f373,entity:bd910cbd2ee9,MENTIONS,MENTIONS,neutral,0,0,,人类的日常生活，条件过于复杂，并且事机迫不及待；这种真正的科学方法，不能够完全应用。,0.9,唐钺_003_1292971a,唐钺_003_1292971a_s0001
segment:9e5700c5f373,entity:421183e6cad4,MENTIONS,MENTIONS,neutral,0,0,,所以我们做人处事的根据，多少含些臆测在内，不是真正的科学方法,0.9,唐钺_003_1292971a,唐钺_003_1292971a_s0001
segment:9e5700c5f373,entity:ee38dd378f41,MENTIONS,MENTIONS,neutral,0,0,,所以无论一个人做人怎样诚实有条理，我们不能称他做科学家。,0.9,唐钺_003_1292971a,唐钺_003_1292971a_s0001
segment:9e5700c5f373,entity:b4078894fd4e,MENTIONS,MENTIONS,neutral,0,0,,假如果然有这么一个人，我们很情愿称他做“做人的科学家”。,0.9,唐钺_003_1292971a,唐钺_003_1292971a_s0001
segment:9e5700c5f373,entity:dff2e629a329,MENTIONS,MENTIONS,neutral,0,0,,单指用科学方法去研究事实而得他们的因果关系的人,0.9,唐钺_003_1292971a,唐钺_003_1292971a_s0001
segment:9e5700c5f373,entity:b3d38f4462f9,MENTIONS,MENTIONS,neutral,0,0,,不包括应用科学方法去创造（如艺术）或变更物我间的关系（如“做人”）的人。,0.9,唐钺_003_1292971a,唐钺_003_1292971a_s0001
segment:9e5700c5f373,entity:abab6dedd8cf,MENTIONS,MENTIONS,neutral,0,0,,林先生又说“若谓绘画等，……既是应用科学的方法，总可谓之科学。,0.9,唐钺_003_1292971a,唐钺_003_1292971a_s0001
segment:9e5700c5f373,entity:a3559354f958,MENTIONS,MENTIONS,neutral,0,0,,当然可以有绘画的科学——即关于绘画的事实之科学的研究。,0.9,唐钺_003_1292971a,唐钺_003_1292971a_s0001
segment:9e5700c5f373,entity:c6fc2f04a585,MENTIONS,MENTIONS,neutral,0,0,,虽然应用科学如透视学等，而实在是艺术,0.9,唐钺_003_1292971a,唐钺_003_1292971a_s0001
segment:9e5700c5f373,entity:e867d428ff3f,MENTIONS,MENTIONS,neutral,0,0,,林先生不过假定有这么一个完全应用科学方法去做人的人,0.9,唐钺_003_1292971a,唐钺_003_1292971a_s0001
segment:1dff6bc12659,entity:a3559354f958,MENTIONS,MENTIONS,neutral,0,0,,这个绘画的科学，与绘画自身——即艺术品的创造——不是不相容的东西。,0.9,唐钺_003_1292971a,唐钺_003_1292971a_s0002
segment:1dff6bc12659,entity:ad1625d8d8b0,MENTIONS,MENTIONS,neutral,0,0,,这个绘画的科学，与绘画自身——即艺术品的创造——不是不相容的东西。,0.9,唐钺_003_1292971a,唐钺_003_1292971a_s0002
segment:1dff6bc12659,entity:b3d38f4462f9,MENTIONS,MENTIONS,neutral,0,0,,至于绘画自身，虽然应用科学如透视学等，而实在是艺术，从来没有人称他做科学。,0.9,唐钺_003_1292971a,唐钺_003_1292971a_s0002
segment:1dff6bc12659,entity:c6fc2f04a585,MENTIONS,MENTIONS,neutral,0,0,,至于绘画自身，虽然应用科学如透视学等，而实在是艺术，从来没有人称他做科学。,0.9,唐钺_003_1292971a,唐钺_003_1292971a_s0002
segment:1dff6bc12659,entity:0a5d9170d332,MENTIONS,MENTIONS,neutral,0,0,,从来没有人称他做科学。,0.9,唐钺_003_1292971a,唐钺_003_1292971a_s0002
segment:1dff6bc12659,entity:e867d428ff3f,MENTIONS,MENTIONS,neutral,0,0,,林先生说这样称说是“费解的”，我还要说，不特费解，而且是不通。,0.9,唐钺_003_1292971a,唐钺_003_1292971a_s0002
segment:1dff6bc12659,entity:f6a7c999a0bb,MENTIONS,MENTIONS,neutral,0,0,,林先生又提及“基督教科学”“灵学”和妖怪学，而说他们虽然应用科学方法而不是科学。,0.9,唐钺_003_1292971a,唐钺_003_1292971a_s0002
segment:1dff6bc12659,entity:9c3e909f9597,MENTIONS,MENTIONS,neutral,0,0,,林先生又提及“基督教科学”“灵学”和妖怪学，而说他们虽然应用科学方法而不是科学。,0.9,唐钺_003_1292971a,唐钺_003_1292971a_s0002
segment:1dff6bc12659,entity:e2ad9737497a,MENTIONS,MENTIONS,neutral,0,0,,林先生又提及“基督教科学”“灵学”和妖怪学，而说他们虽然应用科学方法而不是科学。,0.9,唐钺_003_1292971a,唐钺_003_1292971a_s0002
segment:1dff6bc12659,entity:dff2e629a329,MENTIONS,MENTIONS,neutral,0,0,,林先生又提及“基督教科学”“灵学”和妖怪学，而说他们虽然应用科学方法而不是科学。,0.9,唐钺_003_1292971a,唐钺_003_1292971a_s0002
segment:1dff6bc12659,entity:d4f7fd5dedc9,MENTIONS,MENTIONS,neutral,0,0,,“基督教科学”虽也“利用暗示方法”，而含有其他不合科学的方法，所以不能称为科学。,0.9,唐钺_003_1292971a,唐钺_003_1292971a_s0002
segment:1dff6bc12659,entity:1b6bf6f8f873,MENTIONS,MENTIONS,neutral,0,0,,他虽然冒充科学，我们只能看他做一种宗教。,0.9,唐钺_003_1292971a,唐钺_003_1292971a_s0002
segment:1dff6bc12659,entity:105c4e8c4df9,MENTIONS,MENTIONS,neutral,0,0,,灵学，虽然得少数学者如洛奇辈的崇信；但是大多数的科学家都不承认科学所用的方法是真正科学的方法，所以不称他做科学。,0.9,唐钺_003_1292971a,唐钺_003_1292971a_s0002
segment:1dff6bc12659,entity:abe0bd9ae326,MENTIONS,MENTIONS,neutral,0,0,,灵学，虽然得少数学者如洛奇辈的崇信；但是大多数的科学家都不承认科学所用的方法是真正科学的方法，所以不称他做科学。,0.9,唐钺_003_1292971a,唐钺_003_1292971a_s0002
segment:1dff6bc12659,entity:dd094efecdad,MENTIONS,MENTIONS,neutral,0,0,,但是大多数的科学家都不承认科学所用的方法是真正科学的方法，所以不称他做科学。,0.9,唐钺_003_1292971a,唐钺_003_1292971a_s0002
segment:1dff6bc12659,entity:343a00408142,MENTIONS,MENTIONS,neutral,0,0,,洛奇从前信一个做灵媒的女人，后来经詹姆斯发见伊是“请张为幻”的，而洛奇前三年到美国演讲的时候，还要说他所见过的灵媒没有作伪的。,0.9,唐钺_003_1292971a,唐钺_003_1292971a_s0002
segment:1dff6bc12659,entity:0c0491a5ebbf,MENTIONS,MENTIONS,neutral,0,0,,洛奇从前信一个做灵媒的女人，后来经詹姆斯发见伊是“请张为幻”的，而洛奇前三年到美国演讲的时候，还要说他所见过的灵媒没有作伪的。,0.9,唐钺_003_1292971a,唐钺_003_1292971a_s0002
segment:1dff6bc12659,entity:981edddb3e0d,MENTIONS,MENTIONS,neutral,0,0,,至于妖怪学，要看我们的“妖怪”的定义怎样。,0.9,唐钺_003_1292971a,唐钺_003_1292971a_s0002
segment:1dff6bc12659,entity:4dd1bddc922a,MENTIONS,MENTIONS,neutral,0,0,,我们若以为妖怪是天地间一种实在的东西，同猴子、猫头鹰一样实在；那末，他的有无，还不可知。,0.9,唐钺_003_1292971a,唐钺_003_1292971a_s0002
segment:1dff6bc12659,entity:63a1357fb748,MENTIONS,MENTIONS,neutral,0,0,,我们若以为妖怪是天地间一种实在的东西，同猴子、猫头鹰一样实在；那末，他的有无，还不可知。,0.9,唐钺_003_1292971a,唐钺_003_1292971a_s0002
segment:cc6eb748f06e,entity:981edddb3e0d,MENTIONS,MENTIONS,neutral,0,0,,的“妖怪”的定义怎样。我们若以为妖怪是天地间一种实在的东西，同猴子、猫头鹰一样实在；那末，他的有无，还不可知。,1.0,唐钺_003_1292971a,唐钺_003_1292971a_s0003
segment:cc6eb748f06e,entity:dff2e629a329,MENTIONS,MENTIONS,neutral,0,0,,假如我们不过把“妖怪”代表某种非常现象，而用科学方法去制裁他们发生的条件而研究他们的性质,1.0,唐钺_003_1292971a,唐钺_003_1292971a_s0003
segment:cc6eb748f06e,entity:0bacf98593d1,MENTIONS,MENTIONS,neutral,0,0,,林先生以为丁先生说“胡适之讲《红楼梦》，也是科学”，是可笑的话。,1.0,唐钺_003_1292971a,唐钺_003_1292971a_s0003
segment:cc6eb748f06e,entity:ff64cde28949,MENTIONS,MENTIONS,neutral,0,0,,林先生以为丁先生说“胡适之讲《红楼梦》，也是科学”，是可笑的话。,1.0,唐钺_003_1292971a,唐钺_003_1292971a_s0003
segment:cc6eb748f06e,entity:b6984ce39cd0,MENTIONS,MENTIONS,neutral,0,0,,林先生以为丁先生说“胡适之讲《红楼梦》，也是科学”，是可笑的话。,1.0,唐钺_003_1292971a,唐钺_003_1292971a_s0003
segment:cc6eb748f06e,entity:0a5d9170d332,MENTIONS,MENTIONS,neutral,0,0,,林先生以为丁先生说“胡适之讲《红楼梦》，也是科学”，是可笑的话。,1.0,唐钺_003_1292971a,唐钺_003_1292971a_s0003
segment:cc6eb748f06e,entity:d9c6f2493367,MENTIONS,MENTIONS,neutral,0,0,,天地间有人，我们就有人类学、人种学、人类心理学等。,1.0,唐钺_003_1292971a,唐钺_003_1292971a_s0003
segment:cc6eb748f06e,entity:bedcbeb3faba,MENTIONS,MENTIONS,neutral,0,0,,天地间有人，我们就有人类学、人种学、人类心理学等。,1.0,唐钺_003_1292971a,唐钺_003_1292971a_s0003
segment:cc6eb748f06e,entity:cf2d1c675051,MENTIONS,MENTIONS,neutral,0,0,,天地间有人，我们就有人类学、人种学、人类心理学等。,1.0,唐钺_003_1292971a,唐钺_003_1292971a_s0003
segment:cc6eb748f06e,entity:4c31755a78d1,MENTIONS,MENTIONS,neutral,0,0,,天地间有鱼，我们就有鱼学。,1.0,唐钺_003_1292971a,唐钺_003_1292971a_s0003
segment:cc6eb748f06e,entity:e1f8288516ae,MENTIONS,MENTIONS,neutral,0,0,,天地间有艺术，我们就可以有艺术学。,1.0,唐钺_003_1292971a,唐钺_003_1292971a_s0003
segment:cc6eb748f06e,entity:5567a62a282d,MENTIONS,MENTIONS,neutral,0,0,,天地间有宗教，我们就可以有宗教学。,1.0,唐钺_003_1292971a,唐钺_003_1292971a_s0003
segment:cc6eb748f06e,entity:b3d38f4462f9,MENTIONS,MENTIONS,neutral,0,0,,很多人反对以艺术宗教为科学的材料，因为恐怕一经科学方法的解剖，宗教艺术都没有价值了。,1.0,唐钺_003_1292971a,唐钺_003_1292971a_s0003
segment:cc6eb748f06e,entity:1b6bf6f8f873,MENTIONS,MENTIONS,neutral,0,0,,很多人反对以艺术宗教为科学的材料，因为恐怕一经科学方法的解剖，宗教艺术都没有价值了。,1.0,唐钺_003_1292971a,唐钺_003_1292971a_s0003
segment:cc6eb748f06e,entity:e867d428ff3f,MENTIONS,MENTIONS,neutral,0,0,,林先生以为丁先生说“胡适之讲《红楼梦》，也是科学”，是可笑的话。,1.0,唐钺_003_1292971a,唐钺_003_1292971a_s0003
segment:b0a9f0776959,entity:78b798906628,MENTIONS,MENTIONS,neutral,0,0,,因为恐怕一经科学方法的解剖，宗教艺术都没有价值了。,0.9,唐钺_003_1292971a,唐钺_003_1292971a_s0004
segment:b0a9f0776959,entity:1b6bf6f8f873,MENTIONS,MENTIONS,neutral,0,0,,因为恐怕一经科学方法的解剖，宗教艺术都没有价值了。,0.9,唐钺_003_1292971a,唐钺_003_1292971a_s0004
segment:b0a9f0776959,entity:b3d38f4462f9,MENTIONS,MENTIONS,neutral,0,0,,因为恐怕一经科学方法的解剖，宗教艺术都没有价值了。,0.9,唐钺_003_1292971a,唐钺_003_1292971a_s0004
segment:b0a9f0776959,entity:26593e4b41d3,MENTIONS,MENTIONS,neutral,0,0,,我们知道红烧鱼翅，不因为我们知道怎样煮法而变成不好吃的东西；,0.9,唐钺_003_1292971a,唐钺_003_1292971a_s0004
segment:b0a9f0776959,entity:61097039cc39,MENTIONS,MENTIONS,neutral,0,0,,珍珠也不因为我们知道他怎样成功的而变成轻贱的物品。,0.9,唐钺_003_1292971a,唐钺_003_1292971a_s0004
segment:b0a9f0776959,entity:cf32be78bba5,MENTIONS,MENTIONS,neutral,0,0,,所以就说不能有宗教或艺术的科学。,0.9,唐钺_003_1292971a,唐钺_003_1292971a_s0004
segment:b0a9f0776959,entity:41abc4d0f094,MENTIONS,MENTIONS,neutral,0,0,,因为无论那一种科学任凭他怎样发达（如天文，物理），都有一部分——恐怕是大部分——还是研究不出来所以然的。,0.9,唐钺_003_1292971a,唐钺_003_1292971a_s0004
segment:b0a9f0776959,entity:914cc2a2e174,MENTIONS,MENTIONS,neutral,0,0,,因为无论那一种科学任凭他怎样发达（如天文，物理），都有一部分——恐怕是大部分——还是研究不出来所以然的。,0.9,唐钺_003_1292971a,唐钺_003_1292971a_s0004
segment:b0a9f0776959,entity:78b798906628,MENTIONS,MENTIONS,neutral,0,0,,更不应该因此而说科学方法不适用于研究某类的现象。,0.9,唐钺_003_1292971a,唐钺_003_1292971a_s0004
segment:b0a9f0776959,entity:c8b98890c241,MENTIONS,MENTIONS,neutral,0,0,,就是心理学同物理学也有共同的方法（如假定及谨严的证明等等）；,0.9,唐钺_003_1292971a,唐钺_003_1292971a_s0004
segment:b0a9f0776959,entity:336646c6774f,MENTIONS,MENTIONS,neutral,0,0,,就是心理学同物理学也有共同的方法（如假定及谨严的证明等等）；,0.9,唐钺_003_1292971a,唐钺_003_1292971a_s0004
segment:b0a9f0776959,entity:67c31e76765f,MENTIONS,MENTIONS,neutral,0,0,,心理学中所谓观察、实验、内省，只是一个方法。,0.9,唐钺_003_1292971a,唐钺_003_1292971a_s0004
segment:b0a9f0776959,entity:2a3435a5eb8d,MENTIONS,MENTIONS,neutral,0,0,,心理学中所谓观察、实验、内省，只是一个方法。,0.9,唐钺_003_1292971a,唐钺_003_1292971a_s0004
segment:b0a9f0776959,entity:3423f9b81b9b,MENTIONS,MENTIONS,neutral,0,0,,心理学中所谓观察、实验、内省，只是一个方法。,0.9,唐钺_003_1292971a,唐钺_003_1292971a_s0004
segment:b0a9f0776959,entity:853b0b987ee9,MENTIONS,MENTIONS,neutral,0,0,,所以不能说一切科学没有惟一的共同方法。,0.9,唐钺_003_1292971a,唐钺_003_1292971a_s0004
segment:eec33dd11665,entity:cbef98419595,MENTIONS,MENTIONS,neutral,0,0,,范寿康先生的《评所谓“科学与玄学之争”》,1.0,唐钺_004_0712956a,唐钺_004_0712956a_s0000
segment:eec33dd11665,entity:678cccdd7d88,MENTIONS,MENTIONS,neutral,0,0,,范寿康先生的《评所谓“科学与玄学之争”》,1.0,唐钺_004_0712956a,唐钺_004_0712956a_s0000
segment:eec33dd11665,entity:9264482dca87,MENTIONS,MENTIONS,neutral,0,0,,范先生以为通常所谓因果律是“狭义的因果律”,1.0,唐钺_004_0712956a,唐钺_004_0712956a_s0000
segment:eec33dd11665,entity:adb0ea58819d,MENTIONS,MENTIONS,neutral,0,0,,即齐一的原理（谓同种的因必生同种的果）,1.0,唐钺_004_0712956a,唐钺_004_0712956a_s0000
segment:eec33dd11665,entity:ed17af291d10,MENTIONS,MENTIONS,neutral,0,0,,而我对于因果律所下的界说，却是指“广义的因果律”,1.0,唐钺_004_0712956a,唐钺_004_0712956a_s0000
segment:eec33dd11665,entity:1833175dbdc3,MENTIONS,MENTIONS,neutral,0,0,,我所谓因果律，就是说：一切现象，都有原因,1.0,唐钺_004_0712956a,唐钺_004_0712956a_s0000
segment:eec33dd11665,entity:72496a81f180,MENTIONS,MENTIONS,neutral,0,0,,一种果也许有几种原因（这一层通常称为原因的分歧）,1.0,唐钺_004_0712956a,唐钺_004_0712956a_s0000
segment:eec33dd11665,entity:8e72d0477508,MENTIONS,MENTIONS,neutral,0,0,,苦雷顿在他《论理学导言》中有几句话说得很浅显,1.0,唐钺_004_0712956a,唐钺_004_0712956a_s0000
segment:eec33dd11665,entity:2f8efd4154f9,MENTIONS,MENTIONS,neutral,0,0,,苦雷顿在他《论理学导言》中有几句话说得很浅显,1.0,唐钺_004_0712956a,唐钺_004_0712956a_s0000
segment:eec33dd11665,entity:5d13db23b1b0,MENTIONS,MENTIONS,neutral,0,0,,据我那里（《心理现象与因果律》）所说的,1.0,唐钺_004_0712956a,唐钺_004_0712956a_s0000
segment:8f8c40ccfab6,entity:cbef98419595,MENTIONS,MENTIONS,neutral,0,0,,范先生以为广义的因果律就是充足理由的原理。,1.0,唐钺_004_0712956a,唐钺_004_0712956a_s0001
segment:8f8c40ccfab6,entity:ed17af291d10,MENTIONS,MENTIONS,neutral,0,0,,范先生以为广义的因果律就是充足理由的原理。,1.0,唐钺_004_0712956a,唐钺_004_0712956a_s0001
segment:8f8c40ccfab6,entity:a0e8c6cf5336,MENTIONS,MENTIONS,neutral,0,0,,范先生以为广义的因果律就是充足理由的原理。,1.0,唐钺_004_0712956a,唐钺_004_0712956a_s0001
segment:8f8c40ccfab6,entity:0350f09d944e,MENTIONS,MENTIONS,neutral,0,0,,首先称说这个原理是莱勃尼兹。,1.0,唐钺_004_0712956a,唐钺_004_0712956a_s0001
segment:8f8c40ccfab6,entity:dc0b4430a134,MENTIONS,MENTIONS,neutral,0,0,,（见他的《单极论》中）,1.0,唐钺_004_0712956a,唐钺_004_0712956a_s0001
segment:8f8c40ccfab6,entity:7f4b1b0861e7,MENTIONS,MENTIONS,neutral,0,0,,（乙）因果的原理——一切现象都为前事所制约；,1.0,唐钺_004_0712956a,唐钺_004_0712956a_s0001
segment:8f8c40ccfab6,entity:adb0ea58819d,MENTIONS,MENTIONS,neutral,0,0,,（丙）齐一的原理，亦称归纳的原理——同种的原因必有同种的结果。,1.0,唐钺_004_0712956a,唐钺_004_0712956a_s0001
segment:8f8c40ccfab6,entity:9a2ba517d340,MENTIONS,MENTIONS,neutral,0,0,,（丙）齐一的原理，亦称归纳的原理——同种的原因必有同种的结果。,1.0,唐钺_004_0712956a,唐钺_004_0712956a_s0001
segment:8f8c40ccfab6,entity:0bacf98593d1,MENTIONS,MENTIONS,neutral,0,0,,他们（指丁文江、王星拱、唐钺等）都以为……狭义的科学能够解决人生观的全部。,1.0,唐钺_004_0712956a,唐钺_004_0712956a_s0001
segment:8f8c40ccfab6,entity:e2e4dccffb9b,MENTIONS,MENTIONS,neutral,0,0,,他们（指丁文江、王星拱、唐钺等）都以为……狭义的科学能够解决人生观的全部。,1.0,唐钺_004_0712956a,唐钺_004_0712956a_s0001
segment:8f8c40ccfab6,entity:6f60dd1dde5c,MENTIONS,MENTIONS,neutral,0,0,,他们（指丁文江、王星拱、唐钺等）都以为……狭义的科学能够解决人生观的全部。,1.0,唐钺_004_0712956a,唐钺_004_0712956a_s0001
segment:8f8c40ccfab6,entity:d7ac9b656911,MENTIONS,MENTIONS,neutral,0,0,,他们（指丁文江、王星拱、唐钺等）都以为……狭义的科学能够解决人生观的全部。,1.0,唐钺_004_0712956a,唐钺_004_0712956a_s0001
segment:8f8c40ccfab6,entity:67821481a750,MENTIONS,MENTIONS,neutral,0,0,,他们（指丁文江、王星拱、唐钺等）都以为……狭义的科学能够解决人生观的全部。,1.0,唐钺_004_0712956a,唐钺_004_0712956a_s0001
segment:8f8c40ccfab6,entity:568f3558ffe7,MENTIONS,MENTIONS,neutral,0,0,,人类的意志全受因果律（狭义）的支配,1.0,唐钺_004_0712956a,唐钺_004_0712956a_s0001
segment:8f8c40ccfab6,entity:700d9a374d77,MENTIONS,MENTIONS,neutral,0,0,,他们否认自由和道德。,1.0,唐钺_004_0712956a,唐钺_004_0712956a_s0001
segment:8f8c40ccfab6,entity:1cf17404959b,MENTIONS,MENTIONS,neutral,0,0,,他们否认自由和道德。,1.0,唐钺_004_0712956a,唐钺_004_0712956a_s0001
segment:8f8c40ccfab6,entity:97483eb763ba,MENTIONS,MENTIONS,neutral,0,0,,"（J. E. Creighton, An Introductory Logic, P. 244.）",1.0,唐钺_004_0712956a,唐钺_004_0712956a_s0001
segment:cbbd22683574,entity:f4116cdaa771,MENTIONS,MENTIONS,neutral,0,0,,段中分伦理规范为形式的内容的。,0.9,唐钺_004_0712956a,唐钺_004_0712956a_s0003
segment:cbbd22683574,entity:67821481a750,MENTIONS,MENTIONS,neutral,0,0,,我的意见以为人生观只是内容的伦理规范的问题，而不是形式的规范的问题。,0.9,唐钺_004_0712956a,唐钺_004_0712956a_s0003
segment:cbbd22683574,entity:75a674f027b9,MENTIONS,MENTIONS,neutral,0,0,,所以我以为人生观不是由直觉而得，科学可以解决人生观的全部。,0.9,唐钺_004_0712956a,唐钺_004_0712956a_s0003
segment:cbbd22683574,entity:0a5d9170d332,MENTIONS,MENTIONS,neutral,0,0,,科学可以解决人生观的全部。,0.9,唐钺_004_0712956a,唐钺_004_0712956a_s0003
segment:cbbd22683574,entity:885bc9d56245,MENTIONS,MENTIONS,neutral,0,0,,范先生所谓“义务意识”，就是“做你所自认为善的行为”（见《教育哲学体系》）。,0.9,唐钺_004_0712956a,唐钺_004_0712956a_s0003
segment:cbbd22683574,entity:6b67ed623d5a,MENTIONS,MENTIONS,neutral,0,0,,“善”的意义就是“应当做的”。,0.9,唐钺_004_0712956a,唐钺_004_0712956a_s0003
segment:cbbd22683574,entity:9dceb244906a,MENTIONS,MENTIONS,neutral,0,0,,即范先生自己也以为“所得必然的法则（指狭义科学所探讨的）……是为树立当然的法则的根据”。,0.9,唐钺_004_0712956a,唐钺_004_0712956a_s0003
segment:cbbd22683574,entity:67e072fff3d6,MENTIONS,MENTIONS,neutral,0,0,,当然的法则既然须待必然的法则的根据而方可树立，还用得着什么直觉呢？,0.9,唐钺_004_0712956a,唐钺_004_0712956a_s0003
segment:cbbd22683574,entity:6013ef24243b,MENTIONS,MENTIONS,neutral,0,0,,范先生说我否认意志自由和道德。,0.9,唐钺_004_0712956a,唐钺_004_0712956a_s0003
segment:cbbd22683574,entity:1cf17404959b,MENTIONS,MENTIONS,neutral,0,0,,范先生说我否认意志自由和道德。,0.9,唐钺_004_0712956a,唐钺_004_0712956a_s0003
segment:cbbd22683574,entity:cbef98419595,MENTIONS,MENTIONS,neutral,0,0,,或者范先生以为人生观的直觉的部分是“最重要的部分；为注重起见，我们应该说科学不能解决人生观的全部”。,0.9,唐钺_004_0712956a,唐钺_004_0712956a_s0003
segment:cbbd22683574,entity:46d94a78c295,MENTIONS,MENTIONS,neutral,0,0,,范先生所谓“义务意识”，就是“做你所自认为善的行为”（见《教育哲学体系》）。,0.9,唐钺_004_0712956a,唐钺_004_0712956a_s0003
segment:cbbd22683574,entity:6df2e4004e07,MENTIONS,MENTIONS,neutral,0,0,,范先生所谓“义务意识”，就是“做你所自认为善的行为”（见《教育哲学体系》）。,0.9,唐钺_004_0712956a,唐钺_004_0712956a_s0003
segment:cbbd22683574,entity:0c8e82ab0814,MENTIONS,MENTIONS,neutral,0,0,,所以这意识，就是“做你所自认为应当做的行为”。,0.9,唐钺_004_0712956a,唐钺_004_0712956a_s0003
segment:cbbd22683574,entity:107edeb1a9be,MENTIONS,MENTIONS,neutral,0,0,,因为我们所要解决的正是你所自认为应当做的到底是不是你应当做的。,0.9,唐钺_004_0712956a,唐钺_004_0712956a_s0003
segment:cbbd22683574,entity:0772d4148ac6,MENTIONS,MENTIONS,neutral,0,0,,即范先生自己也以为“所得必然的法则（指狭义科学所探讨的）……是为树立当然的法则的根据”。,0.9,唐钺_004_0712956a,唐钺_004_0712956a_s0003
segment:cbbd22683574,entity:1d3bc2e7d021,MENTIONS,MENTIONS,neutral,0,0,,范先生说我否认意志自由和道德。,0.9,唐钺_004_0712956a,唐钺_004_0712956a_s0003
segment:a80c93061738,entity:75a18a45b051,MENTIONS,MENTIONS,neutral,0,0,,森在他的《伦理体系》第二卷第九章中把他分称心理的及玄学的。,0.9,唐钺_004_0712956a,唐钺_004_0712956a_s0005
segment:a80c93061738,entity:6a79ed23b722,MENTIONS,MENTIONS,neutral,0,0,,森在他的《伦理体系》第二卷第九章中把他分称心理的及玄学的。,0.9,唐钺_004_0712956a,唐钺_004_0712956a_s0005
segment:a80c93061738,entity:971124cd32ff,MENTIONS,MENTIONS,neutral,0,0,,前者是指以自己的意志起决心及行为的能力（抉择的自由）,0.9,唐钺_004_0712956a,唐钺_004_0712956a_s0005
segment:a80c93061738,entity:7015fa820893,MENTIONS,MENTIONS,neutral,0,0,,后者是说意志或各特殊决心的自身没有原因。,0.9,唐钺_004_0712956a,唐钺_004_0712956a_s0005
segment:a80c93061738,entity:b9b82fd17005,MENTIONS,MENTIONS,neutral,0,0,,我在《心理现象与因果律》里所否认的只是意志的玄学的自由（即意志无因）,0.9,唐钺_004_0712956a,唐钺_004_0712956a_s0005
segment:a80c93061738,entity:85cf30d9dc34,MENTIONS,MENTIONS,neutral,0,0,,我在《心理现象与因果律》里所否认的只是意志的玄学的自由（即意志无因）,0.9,唐钺_004_0712956a,唐钺_004_0712956a_s0005
segment:a80c93061738,entity:6eb5dae2d201,MENTIONS,MENTIONS,neutral,0,0,,怎么可以说我否认道德上责任呢？,0.9,唐钺_004_0712956a,唐钺_004_0712956a_s0005
segment:a80c93061738,entity:34d803bb87f0,MENTIONS,MENTIONS,neutral,0,0,,以上所说，或者有人以为只能说明意志有因不悖于负责原理,0.8,唐钺_004_0712956a,唐钺_004_0712956a_s0005
segment:a80c93061738,entity:d67ea7077260,MENTIONS,MENTIONS,neutral,0,0,,若说作恶既然是全由因果的必然关系，何以要对治。,0.9,唐钺_004_0712956a,唐钺_004_0712956a_s0005
segment:791b2148818a,entity:11f270c84751,MENTIONS,MENTIONS,neutral,0,0,,"若是意志无因果可言，岂不是这些话都是迷信吗？岂不是孔、孟、释迦、耶稣及一切教育家都是无事自扰吗？

（辛）无因论者又说，人生观是心理现象，而他是无因果可言的",0.8,唐钺_000_b5cd146b,唐钺_000_b5cd146b_s0008
segment:693c574c8c24,claim:3e994857c5f8,MAKES_CLAIM,MAKES_CLAIM,positive,0,0,,我这篇文的主意，在说明一切心理现象是受因果律所支配的,1.0,唐钺_000_b5cd146b,唐钺_000_b5cd146b_s0000
segment:693c574c8c24,claim:e3b0690cf2c9,MAKES_CLAIM,MAKES_CLAIM,positive,0,0,,我所谓因果律，就是说：一切现象，都有原因。,1.0,唐钺_000_b5cd146b,唐钺_000_b5cd146b_s0000
segment:693c574c8c24,claim:bd7f73ccdfb1,MAKES_CLAIM,MAKES_CLAIM,positive,0,0,,因果的关系，不过是可以互从推知的意思。,1.0,唐钺_000_b5cd146b,唐钺_000_b5cd146b_s0000
segment:693c574c8c24,claim:217d84e667ca,MAKES_CLAIM,MAKES_CLAIM,positive,0,0,,因果律是从经验得来的。,1.0,唐钺_000_b5cd146b,唐钺_000_b5cd146b_s0000
segment:693c574c8c24,claim:3ed8c1158d79,MAKES_CLAIM,MAKES_CLAIM,neutral,0,0,,初民及幼儿每每不知道有因果律,1.0,唐钺_000_b5cd146b,唐钺_000_b5cd146b_s0000
segment:693c574c8c24,claim:7b1f2e7079db,MAKES_CLAIM,MAKES_CLAIM,neutral,0,0,,我称主张心理现象是不受因果律所支配的人做无因论者,1.0,唐钺_000_b5cd146b,唐钺_000_b5cd146b_s0000
segment:528692c9d446,claim:d0200ad2959d,MAKES_CLAIM,MAKES_CLAIM,positive,0,0,,因果律是从经验得来的。,1.0,唐钺_000_b5cd146b,唐钺_000_b5cd146b_s0001
segment:528692c9d446,claim:7f0acdd58b2b,MAKES_CLAIM,MAKES_CLAIM,negative,0,0,,初民及幼儿每每不知道有因果律，所以往往有可笑的幻想同奢望。,1.0,唐钺_000_b5cd146b,唐钺_000_b5cd146b_s0001
segment:528692c9d446,claim:0b33f059d2e6,MAKES_CLAIM,MAKES_CLAIM,neutral,0,0,,无因论者一定要引康德的主张，说因果律是理性中所固有的，是先乎经验的范畴。,1.0,唐钺_000_b5cd146b,唐钺_000_b5cd146b_s0001
segment:528692c9d446,claim:f2dfbdc4f14d,MAKES_CLAIM,MAKES_CLAIM,negative,0,0,,这种主张，现在已经受许多人抨击。,1.0,唐钺_000_b5cd146b,唐钺_000_b5cd146b_s0001
segment:528692c9d446,claim:91075c12d4c3,MAKES_CLAIM,MAKES_CLAIM,negative,0,0,,纵使他是真实，那末，无因论者恐怕要自讨苦吃。,1.0,唐钺_000_b5cd146b,唐钺_000_b5cd146b_s0001
segment:528692c9d446,claim:ab23aa54c3d7,MAKES_CLAIM,MAKES_CLAIM,neutral,0,0,,康德说一切现象，都是受因果范畴的支配，心理现象当然不能除外。,1.0,唐钺_000_b5cd146b,唐钺_000_b5cd146b_s0001
segment:528692c9d446,claim:8aa32999458e,MAKES_CLAIM,MAKES_CLAIM,neutral,0,0,,因为他主张本体不可经验，所经验者都是现象。,1.0,唐钺_000_b5cd146b,唐钺_000_b5cd146b_s0001
segment:528692c9d446,claim:455c6d81a276,MAKES_CLAIM,MAKES_CLAIM,positive,0,0,,心理现象，是经验内的事，当然不是本体。,1.0,唐钺_000_b5cd146b,唐钺_000_b5cd146b_s0001
segment:528692c9d446,claim:d82466e0eb0f,MAKES_CLAIM,MAKES_CLAIM,neutral,0,0,,因果律的来源，与本题无大关系,1.0,唐钺_000_b5cd146b,唐钺_000_b5cd146b_s0001
segment:528692c9d446,claim:cc747ad6019c,MAKES_CLAIM,MAKES_CLAIM,negative,0,0,,我不赞成康德的因果观，也不屑把他来驳无因论。,1.0,唐钺_000_b5cd146b,唐钺_000_b5cd146b_s0001
segment:528692c9d446,claim:9daea6e7fb9e,MAKES_CLAIM,MAKES_CLAIM,positive,0,0,,我们知道甲因生乙果，并用不着知道甲乙的详情细节。,1.0,唐钺_000_b5cd146b,唐钺_000_b5cd146b_s0001
segment:528692c9d446,claim:b09827fea9df,MAKES_CLAIM,MAKES_CLAIM,positive,0,0,,可以断定火因必有烧纸之果。,1.0,唐钺_000_b5cd146b,唐钺_000_b5cd146b_s0001
segment:528692c9d446,claim:f9981b411620,MAKES_CLAIM,MAKES_CLAIM,neutral,0,0,,若用罗素的说法，就是因果的关系，不是说同一个因必有同一个果，乃说同一种的因必有同一种的果。,1.0,唐钺_000_b5cd146b,唐钺_000_b5cd146b_s0001
segment:528692c9d446,claim:3800f39a7375,MAKES_CLAIM,MAKES_CLAIM,positive,0,0,,有时我们明明知道一现象有因果，而不能由因推果或由果推因：这是因为因果过于复杂的缘故。,1.0,唐钺_000_b5cd146b,唐钺_000_b5cd146b_s0001
segment:528692c9d446,claim:12d13219188a,MAKES_CLAIM,MAKES_CLAIM,negative,0,0,,所以不能以我们不会推知为该现象无因的理由。,1.0,唐钺_000_b5cd146b,唐钺_000_b5cd146b_s0001
segment:528692c9d446,claim:900e8edf2a9c,MAKES_CLAIM,MAKES_CLAIM,positive,0,0,,譬如瀑布击石时喷出无数浪花，这种浪花，我们知道是依着力学公式的，并且这种公式是精密的。,1.0,唐钺_000_b5cd146b,唐钺_000_b5cd146b_s0001
segment:528692c9d446,claim:477657cea01c,MAKES_CLAIM,MAKES_CLAIM,negative,0,0,,然而我却不能因此说浪花的情状是无因的。,1.0,唐钺_000_b5cd146b,唐钺_000_b5cd146b_s0001
segment:0645d743861c,claim:1c45e5b115ea,MAKES_CLAIM,MAKES_CLAIM,positive,0,0,,比方，火会烫伤皮肤，是完全证实的。,1.0,唐钺_000_b5cd146b,唐钺_000_b5cd146b_s0003
segment:0645d743861c,claim:1c6a3b633796,MAKES_CLAIM,MAKES_CLAIM,positive,0,0,,但是，虽然我们没有证实一切心理现象都是有因的，然而据我们的经验，许多心理现象是有因的；也有前此以为无因的，后来知识进步，也找出他的因来；因此我们可以相信一切心理现象都是如此。,1.0,唐钺_000_b5cd146b,唐钺_000_b5cd146b_s0003
segment:0645d743861c,claim:6a3c721ba6b1,MAKES_CLAIM,MAKES_CLAIM,negative,0,0,,其实一切物质现象有因的根据，也不过如是，而我们都深信不疑，何以独独疑到心理现象呢？,1.0,唐钺_000_b5cd146b,唐钺_000_b5cd146b_s0003
segment:0645d743861c,claim:2161cb235ced,MAKES_CLAIM,MAKES_CLAIM,positive,0,0,,所以除非无因论者能举实在的例，证明某种心理现象没有一点原因，我们总相信一切心理现象是有因的。,1.0,唐钺_000_b5cd146b,唐钺_000_b5cd146b_s0003
segment:0645d743861c,claim:c2aba6f34f11,MAKES_CLAIM,MAKES_CLAIM,positive,0,0,,无因论者当然以为他们的主张是有证据的。,1.0,唐钺_000_b5cd146b,唐钺_000_b5cd146b_s0003
segment:0645d743861c,claim:d874d12315b5,MAKES_CLAIM,MAKES_CLAIM,neutral,0,0,,无因论者说，心理现象的大部分，现在还不知道他们的原因。,1.0,唐钺_000_b5cd146b,唐钺_000_b5cd146b_s0003
segment:0645d743861c,claim:46aa01dd9d1b,MAKES_CLAIM,MAKES_CLAIM,neutral,0,0,,既然不知道，何以知他们一定有原因呢？,1.0,唐钺_000_b5cd146b,唐钺_000_b5cd146b_s0003
segment:0645d743861c,claim:18a3a6d05b11,MAKES_CLAIM,MAKES_CLAIM,positive,0,0,,心理现象的因果，当然是比物质现象的因果复杂得多。,1.0,唐钺_000_b5cd146b,唐钺_000_b5cd146b_s0003
segment:0645d743861c,claim:fe6ac85a3d5c,MAKES_CLAIM,MAKES_CLAIM,negative,0,0,,物质界的因果，如瀑布喷沫，都有时不能推测，何况心理界的因果呢？,1.0,唐钺_000_b5cd146b,唐钺_000_b5cd146b_s0003
segment:0645d743861c,claim:cd2b83fa74f0,MAKES_CLAIM,MAKES_CLAIM,positive,0,0,,许多心理现象，虽然不知道他们的原因，然而据既往的经验，可以说他们一定有因的。,1.0,唐钺_000_b5cd146b,唐钺_000_b5cd146b_s0003
segment:0645d743861c,claim:6581dd6e2fb3,MAKES_CLAIM,MAKES_CLAIM,negative,0,0,,至于以为他们一定是无因的，一点根据都没有。,1.0,唐钺_000_b5cd146b,唐钺_000_b5cd146b_s0003
segment:0645d743861c,claim:49adffb19e80,MAKES_CLAIM,MAKES_CLAIM,neutral,0,0,,他们又说，我们的直接经验，觉得他们是无因的。,1.0,唐钺_000_b5cd146b,唐钺_000_b5cd146b_s0003
segment:0645d743861c,claim:1f7455bf07c2,MAKES_CLAIM,MAKES_CLAIM,negative,0,0,,这“觉得”是靠不住的。,1.0,唐钺_000_b5cd146b,唐钺_000_b5cd146b_s0003
segment:607b140505f6,claim:0806327cc82c,MAKES_CLAIM,MAKES_CLAIM,negative,0,0,,至于以为他们一定是无因的，一点根据都没有。,1.0,唐钺_000_b5cd146b,唐钺_000_b5cd146b_s0004
segment:607b140505f6,claim:934b3b4b9ace,MAKES_CLAIM,MAKES_CLAIM,negative,0,0,,他们又说，我们的直接经验，觉得他们是无因的。,1.0,唐钺_000_b5cd146b,唐钺_000_b5cd146b_s0004
segment:607b140505f6,claim:f8c6d0fe6ec5,MAKES_CLAIM,MAKES_CLAIM,negative,0,0,,这“觉得”是靠不住的。,1.0,唐钺_000_b5cd146b,唐钺_000_b5cd146b_s0004
segment:607b140505f6,claim:bc1106440b90,MAKES_CLAIM,MAKES_CLAIM,negative,0,0,,野蛮人觉得雷一定是天神的发脾气，信鬼的觉得一定有鬼，我们不能承认他们的“觉得”是一种理由。,1.0,唐钺_000_b5cd146b,唐钺_000_b5cd146b_s0004
segment:607b140505f6,claim:a4fd6478155a,MAKES_CLAIM,MAKES_CLAIM,negative,0,0,,无因论者说，物质是死的，固定的，凝滞不变的，所以有因果可言；心理现象是活的，顷刻万变的，一定没有因果可言。,1.0,唐钺_000_b5cd146b,唐钺_000_b5cd146b_s0004
segment:607b140505f6,claim:e8076a6dab47,MAKES_CLAIM,MAKES_CLAIM,negative,0,0,,这种的议论现代大多数思想家已经不承认。,1.0,唐钺_000_b5cd146b,唐钺_000_b5cd146b_s0004
segment:607b140505f6,claim:14cb18e06ca0,MAKES_CLAIM,MAKES_CLAIM,neutral,0,0,,所谓物质，不过是“常久的感觉的可能”。这是穆勒约翰所下的定义，是现代人普遍承认的。,1.0,唐钺_000_b5cd146b,唐钺_000_b5cd146b_s0004
segment:607b140505f6,claim:b2ae03d3db57,MAKES_CLAIM,MAKES_CLAIM,positive,0,0,,近来爱因斯坦的相对论出来，更可以证明物质现象就是心理现象，不是死而固定的，比如风的方向速度是顷刻变化的，但是不能说他是没有因果可言；心理现象也是这样。,1.0,唐钺_000_b5cd146b,唐钺_000_b5cd146b_s0004
segment:607b140505f6,claim:8dd911f07fba,MAKES_CLAIM,MAKES_CLAIM,negative,0,0,,无因论者又说，心理现象就是柏格森所谓“纯粹绵延”。因为他是绵延，所以不能把他分作各个的状态。既然不能有各个的状态，当然不能说某状态是某别状态的因或果。,1.0,唐钺_000_b5cd146b,唐钺_000_b5cd146b_s0004
segment:607b140505f6,claim:5322f4acaacc,MAKES_CLAIM,MAKES_CLAIM,negative,0,0,,这也是附会之说。,1.0,唐钺_000_b5cd146b,唐钺_000_b5cd146b_s0004
segment:607b140505f6,claim:cd9f558a9fae,MAKES_CLAIM,MAKES_CLAIM,positive,0,0,,心理现象不是永久绵延，也有间断的。,1.0,唐钺_000_b5cd146b,唐钺_000_b5cd146b_s0004
segment:607b140505f6,claim:f6f70e2a8b2d,MAKES_CLAIM,MAKES_CLAIM,positive,0,0,,杜里舒说：“以我观之，体验者乃断断续续的，而非永续的。故当比之于电光之烁闪，不得名曰河流。‘我有’、‘我体验’既为点的，则此断续势不能熔成一片，如不尽之江河。”,1.0,唐钺_000_b5cd146b,唐钺_000_b5cd146b_s0004
segment:607b140505f6,claim:7e3b3d196980,MAKES_CLAIM,MAKES_CLAIM,positive,0,0,,据我的经验，心理现象是断续无常的。,1.0,唐钺_000_b5cd146b,唐钺_000_b5cd146b_s0004
segment:3e9af9d12de5,claim:7335ae00d942,MAKES_CLAIM,MAKES_CLAIM,negative,0,0,,所以他不容纳“意识之流”的用语。,0.9,唐钺_000_b5cd146b,唐钺_000_b5cd146b_s0005
segment:3e9af9d12de5,claim:5b194bef82b7,MAKES_CLAIM,MAKES_CLAIM,positive,0,0,,杜氏在别地方与柏氏同意的很多，他的话当然不是门户之见。,0.9,唐钺_000_b5cd146b,唐钺_000_b5cd146b_s0005
segment:3e9af9d12de5,claim:f1939c451243,MAKES_CLAIM,MAKES_CLAIM,positive,0,0,,据我的经验，心理现象是断续无常的。,0.9,唐钺_000_b5cd146b,唐钺_000_b5cd146b_s0005
segment:3e9af9d12de5,claim:a7e3fcb5c73f,MAKES_CLAIM,MAKES_CLAIM,negative,0,0,,柏氏所谓纯粹绵延，或者是柏氏所见的“道”，断断不是我们凡夫所经验的心理现象了。,0.9,唐钺_000_b5cd146b,唐钺_000_b5cd146b_s0005
segment:3e9af9d12de5,claim:b61c60ccf8a2,MAKES_CLAIM,MAKES_CLAIM,neutral,0,0,,柏格森说，心理现象，无一不包含着一切过去的，是与所有前此与此后的任一现象不相同的。,0.9,唐钺_000_b5cd146b,唐钺_000_b5cd146b_s0005
segment:3e9af9d12de5,claim:2eeaa4bc686c,MAKES_CLAIM,MAKES_CLAIM,negative,0,0,,心理现象既然没有同一的，自然没有因果可言。,0.9,唐钺_000_b5cd146b,唐钺_000_b5cd146b_s0005
segment:3e9af9d12de5,claim:33cfd38c7509,MAKES_CLAIM,MAKES_CLAIM,negative,0,0,,姑简单地举一种心理现象来作例证，就知道柏格森的话是不对题的。,0.9,唐钺_000_b5cd146b,唐钺_000_b5cd146b_s0005
segment:3e9af9d12de5,claim:ce2a7418921f,MAKES_CLAIM,MAKES_CLAIM,positive,0,0,,我们不是说，同一个心理的因生同一个心理的果，乃是说，同一类心理的因得同一类心理的果罢了。,0.9,唐钺_000_b5cd146b,唐钺_000_b5cd146b_s0005
segment:3e9af9d12de5,claim:b3c1938c3fcc,MAKES_CLAIM,MAKES_CLAIM,negative,0,0,,所以柏氏的话，不能拿来驳有因论。,0.9,唐钺_000_b5cd146b,唐钺_000_b5cd146b_s0005
segment:3e9af9d12de5,claim:1de3545feed1,MAKES_CLAIM,MAKES_CLAIM,negative,0,0,,无因论者又说，心理现象许多是有个性的，不能用某某原因来解释他。,0.9,唐钺_000_b5cd146b,唐钺_000_b5cd146b_s0005
segment:3e9af9d12de5,claim:3d23f0b2fca4,MAKES_CLAIM,MAKES_CLAIM,negative,0,0,,这话全与事实不合。,0.9,唐钺_000_b5cd146b,唐钺_000_b5cd146b_s0005
segment:3e9af9d12de5,claim:54c76caadb0d,MAKES_CLAIM,MAKES_CLAIM,positive,0,0,,人格固然是有个性，然而有他的成因，这是心理学者和一般人所知道的。,0.9,唐钺_000_b5cd146b,唐钺_000_b5cd146b_s0005
segment:3e9af9d12de5,claim:c5d3d2dec0ba,MAKES_CLAIM,MAKES_CLAIM,positive,0,0,,并且人格也是集合而成的，观于人格有时分裂就知道了。,0.9,唐钺_000_b5cd146b,唐钺_000_b5cd146b_s0005
segment:3e9af9d12de5,claim:2f1b1d36958d,MAKES_CLAIM,MAKES_CLAIM,positive,0,0,,文艺作品，也是可以分析出来他的成因的。,0.9,唐钺_000_b5cd146b,唐钺_000_b5cd146b_s0005
segment:791b2148818a,claim:adafe40486f4,MAKES_CLAIM,MAKES_CLAIM,positive,0,0,,还有许多事情，可以证明意志是有原因的。,0.9,唐钺_000_b5cd146b,唐钺_000_b5cd146b_s0008
segment:791b2148818a,claim:b5308ba0df77,MAKES_CLAIM,MAKES_CLAIM,positive,0,0,,就是无因论者也相信“内生活”，“精神修养”可以造成高尚的人格。,0.8,唐钺_000_b5cd146b,唐钺_000_b5cd146b_s0008
segment:791b2148818a,claim:0607c958985e,MAKES_CLAIM,MAKES_CLAIM,negative,0,0,,若是意志无因果可言，岂不是这些话都是迷信吗？,0.9,唐钺_000_b5cd146b,唐钺_000_b5cd146b_s0008
segment:791b2148818a,claim:fd158a647e57,MAKES_CLAIM,MAKES_CLAIM,negative,0,0,,岂不是孔、孟、释迦、耶稣及一切教育家都是无事自扰吗？,0.9,唐钺_000_b5cd146b,唐钺_000_b5cd146b_s0008
segment:791b2148818a,claim:1ae07c5e6d30,MAKES_CLAIM,MAKES_CLAIM,positive,0,0,,无因论者又说，人生观是心理现象，而他是无因果可言的，所以至少心理现象中这一点是无因的。,0.9,唐钺_000_b5cd146b,唐钺_000_b5cd146b_s0008
segment:791b2148818a,claim:9a008b10791b,MAKES_CLAIM,MAKES_CLAIM,neutral,0,0,,因为人生观，用无因论者的名词说，无非是纯粹思想、意志、人格等的表现。,0.8,唐钺_000_b5cd146b,唐钺_000_b5cd146b_s0008
segment:791b2148818a,claim:d86c98927d82,MAKES_CLAIM,MAKES_CLAIM,positive,0,0,,这种态度是随着一个人神经构造、经验、知识等而变的。,0.9,唐钺_000_b5cd146b,唐钺_000_b5cd146b_s0008
segment:791b2148818a,claim:c9e5cb96aba7,MAKES_CLAIM,MAKES_CLAIM,positive,0,0,,神经构造等就是人生观之因。,0.9,唐钺_000_b5cd146b,唐钺_000_b5cd146b_s0008
segment:791b2148818a,claim:698422d5729c,MAKES_CLAIM,MAKES_CLAIM,positive,0,0,,无因论者以为叔本华、哈德门的人生观是直觉的，其实他们自己并不承认这事。,0.9,唐钺_000_b5cd146b,唐钺_000_b5cd146b_s0008
segment:791b2148818a,claim:2c55ca16292e,MAKES_CLAIM,MAKES_CLAIM,positive,0,0,,他们都说根据经验阅历而来的。,0.8,唐钺_000_b5cd146b,唐钺_000_b5cd146b_s0008
segment:791b2148818a,claim:530adbfdafdf,MAKES_CLAIM,MAKES_CLAIM,positive,0,0,,哈德门还要说他的哲学是从归纳法得来的。,0.8,唐钺_000_b5cd146b,唐钺_000_b5cd146b_s0008
segment:791b2148818a,claim:344018290959,MAKES_CLAIM,MAKES_CLAIM,positive,0,0,,人生观是因知识而变的。,0.9,唐钺_000_b5cd146b,唐钺_000_b5cd146b_s0008
segment:791b2148818a,claim:db53f97b99cb,MAKES_CLAIM,MAKES_CLAIM,positive,0,0,,例如，柯白尼太阳居中说，同后来的达尔文的人猿同祖说发明以后，世界人类的人生观起绝大变动；这是无可疑的历史事实。,0.9,唐钺_000_b5cd146b,唐钺_000_b5cd146b_s0008
segment:791b2148818a,claim:faaa2b08218d,MAKES_CLAIM,MAKES_CLAIM,negative,0,0,,若人生观是直觉的，无因的，何以随自然界的知识而变更呢？,0.9,唐钺_000_b5cd146b,唐钺_000_b5cd146b_s0008
segment:60c41feca7a6,claim:8fa13b88922e,MAKES_CLAIM,MAKES_CLAIM,neutral,0,0,,本公例，是比在自然界难些。,0.9,唐钺_000_b5cd146b,唐钺_000_b5cd146b_s0010
segment:60c41feca7a6,claim:4d8b9ed84743,MAKES_CLAIM,MAKES_CLAIM,positive,0,0,,心理界有如此的一律性，是无可疑的。,0.9,唐钺_000_b5cd146b,唐钺_000_b5cd146b_s0010
segment:60c41feca7a6,claim:3a2ef65b8818,MAKES_CLAIM,MAKES_CLAIM,positive,0,0,,两界中都没有孤立或无定律的元素；每一个元素，是与前此的、同时的、及此后的许多元素有确定的关系。,0.9,唐钺_000_b5cd146b,唐钺_000_b5cd146b_s0010
segment:60c41feca7a6,claim:645982b17b23,MAKES_CLAIM,MAKES_CLAIM,mixed,0,0,,任何地方，我们不容易化这些关系为数学的公式；但是这些关系的存在，是随在明白可见的。,0.9,唐钺_000_b5cd146b,唐钺_000_b5cd146b_s0010
segment:60c41feca7a6,claim:890274bc00fc,MAKES_CLAIM,MAKES_CLAIM,neutral,0,0,,人默默地假定在完全相同之内部的及外界的情境之下，一定有相同的结果：一样的观念，一样的情绪，一样的意志，必随一样的刺激而起。,0.9,唐钺_000_b5cd146b,唐钺_000_b5cd146b_s0010
segment:60c41feca7a6,claim:a7acfa915594,MAKES_CLAIM,MAKES_CLAIM,positive,0,0,,自由与得正当了解的因果性，完全没有冲突的；自由不是超越法律的支配。,0.9,唐钺_000_b5cd146b,唐钺_000_b5cd146b_s0010
segment:60c41feca7a6,claim:2709c47bd137,MAKES_CLAIM,MAKES_CLAIM,negative,0,0,,伦理学对于一种内生活的自由，等于无定律无条贯的，实在没有趣味。,0.9,唐钺_000_b5cd146b,唐钺_000_b5cd146b_s0010
segment:60c41feca7a6,claim:ed0994befcf3,MAKES_CLAIM,MAKES_CLAIM,negative,0,0,,绝对不相连系的元素，与过去未来没有因果关系的孤立的意志，假如真有，就是意志的错乱；不！就是心灵生活的完全破坏。,0.9,唐钺_000_b5cd146b,唐钺_000_b5cd146b_s0010
segment:60c41feca7a6,claim:54f58090496e,MAKES_CLAIM,MAKES_CLAIM,negative,0,0,,假如后事一点儿不为前事所决定，那末当然不能有练习与经验这种的事情，主义与决心，教育与公共制度，也没有效力。,0.9,唐钺_000_b5cd146b,唐钺_000_b5cd146b_s0010
segment:60c41feca7a6,claim:488f4f5fdffd,MAKES_CLAIM,MAKES_CLAIM,positive,0,0,,没有因果性，就没有目的性。,0.9,唐钺_000_b5cd146b,唐钺_000_b5cd146b_s0010
segment:c520a85b04c5,claim:bedf3cb54e42,MAKES_CLAIM,MAKES_CLAIM,positive,0,0,,辩论须紧切本题，不要旁涉枝叶,0.9,唐钺_001_c4e36ba4,唐钺_001_c4e36ba4_s0002
segment:c520a85b04c5,claim:c7d077fc08ab,MAKES_CLAIM,MAKES_CLAIM,negative,0,0,,君劢的讲演，范围已经广泛,0.9,唐钺_001_c4e36ba4,唐钺_001_c4e36ba4_s0002
segment:c520a85b04c5,claim:ed7f91540073,MAKES_CLAIM,MAKES_CLAIM,neutral,0,0,,在君又把他稍微放大些,0.9,唐钺_001_c4e36ba4,唐钺_001_c4e36ba4_s0002
segment:c520a85b04c5,claim:97f65543874f,MAKES_CLAIM,MAKES_CLAIM,negative,0,0,,到了君劢的答复，竟放大了好几倍,0.9,唐钺_001_c4e36ba4,唐钺_001_c4e36ba4_s0002
segment:c520a85b04c5,claim:e46c22eed9ce,MAKES_CLAIM,MAKES_CLAIM,negative,0,0,,此后越放越大了,0.9,唐钺_001_c4e36ba4,唐钺_001_c4e36ba4_s0002
segment:c520a85b04c5,claim:26578334e039,MAKES_CLAIM,MAKES_CLAIM,positive,0,0,,我觉得林先生的分题，条理很好,0.9,唐钺_001_c4e36ba4,唐钺_001_c4e36ba4_s0002
segment:c520a85b04c5,claim:514273e8ce8f,MAKES_CLAIM,MAKES_CLAIM,negative,0,0,,要想在一篇文中论完他们，或论完大部分，必定使读者“如堕五里雾中”，不知道论点所在,0.9,唐钺_001_c4e36ba4,唐钺_001_c4e36ba4_s0002
segment:c520a85b04c5,claim:73bf3ba4401e,MAKES_CLAIM,MAKES_CLAIM,positive,0,0,,我希望以后的论争者极力缩小范围,0.9,唐钺_001_c4e36ba4,唐钺_001_c4e36ba4_s0002
segment:c520a85b04c5,claim:6a599087599c,MAKES_CLAIM,MAKES_CLAIM,positive,0,0,,因为问题的范围小，则讨论时不至发生误会；因之，真理容易发见,0.9,唐钺_001_c4e36ba4,唐钺_001_c4e36ba4_s0002
segment:c520a85b04c5,claim:675962b93fc2,MAKES_CLAIM,MAKES_CLAIM,positive,0,0,,对于题目应负的第二责任，是话不要说得过火,0.9,唐钺_001_c4e36ba4,唐钺_001_c4e36ba4_s0002
segment:972f03c027c0,claim:29df6f69ebae,MAKES_CLAIM,MAKES_CLAIM,positive,0,0,,遇着学哲学者“无风起浪”来同科学寻事时，却不能不自卫（我是指卫真理，不指卫个人）,0.9,唐钺_001_c4e36ba4,唐钺_001_c4e36ba4_s0004
segment:972f03c027c0,claim:01e591fc6545,MAKES_CLAIM,MAKES_CLAIM,negative,0,0,,否则科学的地位，必受社会的误会，于社会一定无益而有损,0.9,唐钺_001_c4e36ba4,唐钺_001_c4e36ba4_s0004
segment:972f03c027c0,claim:ab6687d3d751,MAKES_CLAIM,MAKES_CLAIM,positive,0,0,,哲学者不能绝对不谈科学，因为哲学不能不顾及科学的事实,0.9,唐钺_001_c4e36ba4,唐钺_001_c4e36ba4_s0004
segment:972f03c027c0,claim:cbdfb4afe9e9,MAKES_CLAIM,MAKES_CLAIM,neutral,0,0,,就是柏格森主张直觉是科学惟一方法,0.9,唐钺_001_c4e36ba4,唐钺_001_c4e36ba4_s0004
segment:972f03c027c0,claim:7586790d5d65,MAKES_CLAIM,MAKES_CLAIM,negative,0,0,,他若不懂科学方法，何以知科学方法之不适用于哲学呢,0.9,唐钺_001_c4e36ba4,唐钺_001_c4e36ba4_s0004
segment:972f03c027c0,claim:9ea204d4c286,MAKES_CLAIM,MAKES_CLAIM,positive,0,0,,学哲学者既然不能不牵涉及科学，则与其从哲学书本中学得关于科学的知识，何如从研究科学者得到这种知识呢,0.9,唐钺_001_c4e36ba4,唐钺_001_c4e36ba4_s0004
segment:972f03c027c0,claim:794bd0d24cd8,MAKES_CLAIM,MAKES_CLAIM,negative,0,0,,或者有人相信哲学书本中的科学比科学者的科学靠的住些，那末，我就不敢多话了,0.9,唐钺_001_c4e36ba4,唐钺_001_c4e36ba4_s0004
segment:972f03c027c0,claim:9be89ea228c6,MAKES_CLAIM,MAKES_CLAIM,positive,0,0,,就是两方有时说错话，我想也不至于给社会以恶影响,0.9,唐钺_001_c4e36ba4,唐钺_001_c4e36ba4_s0004
segment:972f03c027c0,claim:40723407f9c8,MAKES_CLAIM,MAKES_CLAIM,mixed,0,0,,君劢和在君虽然是中国学术界中的“命妇”，但是，我想他们也不至期望国中读者对于他们的话一味随声附和,0.9,唐钺_001_c4e36ba4,唐钺_001_c4e36ba4_s0004
segment:972f03c027c0,claim:eabbc25a2201,MAKES_CLAIM,MAKES_CLAIM,negative,0,0,,即如这回，他们一两句错话，都有人出来驳正他，何至于给人家当做“金科玉律”呢,0.9,唐钺_001_c4e36ba4,唐钺_001_c4e36ba4_s0004
segment:972f03c027c0,claim:b56e8369d69a,MAKES_CLAIM,MAKES_CLAIM,negative,0,0,,至于东荪先生的“如蒙赐教，恕不答复”的态度，我的浅见以为不是顶正当的,0.9,唐钺_001_c4e36ba4,唐钺_001_c4e36ba4_s0004
segment:972f03c027c0,claim:48da989099df,MAKES_CLAIM,MAKES_CLAIM,negative,0,0,,人家驳我，我若以为实无答复的价值，尽可以不答复。但是预先声明不答复，可以不必,0.9,唐钺_001_c4e36ba4,唐钺_001_c4e36ba4_s0004
segment:972f03c027c0,claim:af492939db0b,MAKES_CLAIM,MAKES_CLAIM,negative,0,0,,我国还没有适当机关，可以发表玄学同学中一般的问题的言论的,0.9,唐钺_001_c4e36ba4,唐钺_001_c4e36ba4_s0004
segment:972f03c027c0,claim:2b458135a934,MAKES_CLAIM,MAKES_CLAIM,positive,0,0,,一般读者却真是求知若渴，所以日报周刊，起而兼担这种责任,0.9,唐钺_001_c4e36ba4,唐钺_001_c4e36ba4_s0004
segment:972f03c027c0,claim:748b7cb297c2,MAKES_CLAIM,MAKES_CLAIM,mixed,0,0,,这固然是很好，但是，也不免有坏处,0.9,唐钺_001_c4e36ba4,唐钺_001_c4e36ba4_s0004
segment:7183b22296f4,claim:de0c38449cc3,MAKES_CLAIM,MAKES_CLAIM,positive,0,0,,就是一时不能完全分析美感，但却不可不用分析方法来驾驭他。,0.9,唐钺_002_5e996979,唐钺_002_5e996979_s0003
segment:7183b22296f4,claim:e08fc5ef5dc6,MAKES_CLAIM,MAKES_CLAIM,negative,0,0,,因为用所谓“直觉”，“综合”等方法，是无结果的。,0.9,唐钺_002_5e996979,唐钺_002_5e996979_s0003
segment:7183b22296f4,claim:c82bff77ff1a,MAKES_CLAIM,MAKES_CLAIM,negative,0,0,,若不用分析法，简直一天到晚说他怎样沉郁，怎样浑雄，岂不是越说越糊涂了吗？,0.9,唐钺_002_5e996979,唐钺_002_5e996979_s0003
segment:7183b22296f4,claim:c7ad6c9561dc,MAKES_CLAIM,MAKES_CLAIM,positive,0,0,,但是我们知道美一定不是不可分析的。,0.9,唐钺_002_5e996979,唐钺_002_5e996979_s0003
segment:7183b22296f4,claim:63827e4759ed,MAKES_CLAIM,MAKES_CLAIM,positive,0,0,,这可见美不是超乎理智的东西，美感是随理智的进步而变化的。,0.9,唐钺_002_5e996979,唐钺_002_5e996979_s0003
segment:7183b22296f4,claim:f3dd405b485b,MAKES_CLAIM,MAKES_CLAIM,positive,0,0,,这种理智的成分，可以用科学方法支配的。,0.9,唐钺_002_5e996979,唐钺_002_5e996979_s0003
segment:7183b22296f4,claim:0c695f39680d,MAKES_CLAIM,MAKES_CLAIM,neutral,0,0,,其不可分析的部分，就是美的直接经验的性质；那是科学的起点，而且理智事项也都有这种不可分析的起点的。,0.9,唐钺_002_5e996979,唐钺_002_5e996979_s0003
segment:7183b22296f4,claim:8f03ac7979dd,MAKES_CLAIM,MAKES_CLAIM,neutral,0,0,,我们所要分析的，是一个“所与”同别的“所与”的关系，就是要有什么其他“所与”而这一个“所与”才能发生。,0.9,唐钺_002_5e996979,唐钺_002_5e996979_s0003
segment:7183b22296f4,claim:2114455425e6,MAKES_CLAIM,MAKES_CLAIM,negative,0,0,,至于要分析“所与”的本体，是无意义的问题，好像问白色为什么是白色，或是问第一个以前还有第一个没有一样。,0.9,唐钺_002_5e996979,唐钺_002_5e996979_s0003
segment:7183b22296f4,claim:b6d8e3b4ce4d,MAKES_CLAIM,MAKES_CLAIM,negative,0,0,,他说：“至于‘爱’，那更‘玄之又玄’了。”,0.9,唐钺_002_5e996979,唐钺_002_5e996979_s0003
segment:7183b22296f4,claim:869ba52c523e,MAKES_CLAIM,MAKES_CLAIM,negative,0,0,,假令有两位青年男女相约为“科学的恋爱”，岂不令人喷饭？,0.9,唐钺_002_5e996979,唐钺_002_5e996979_s0003
segment:ad17e87804ab,claim:e6a4571434c3,MAKES_CLAIM,MAKES_CLAIM,positive,0,0,,死的时候，最受知遇的康有为却没有攀龙髯而去；康氏的为人不必论，但是这一点却不是他的坏处,1.0,唐钺_002_5e996979,唐钺_002_5e996979_s0006
segment:ad17e87804ab,claim:6b46bf35d739,MAKES_CLAIM,MAKES_CLAIM,negative,0,0,,田横岛上五百人的自杀，动机无可取，方法更无论，岂可看做极优的人生观？,1.0,唐钺_002_5e996979,唐钺_002_5e996979_s0006
segment:ad17e87804ab,claim:38f0651285e3,MAKES_CLAIM,MAKES_CLAIM,positive,0,0,,这四个人是理智极高，感情极富的，于“民胞物与”的道理见得深切，所以有偌大的愿力，并没有什么不可思议的地方,1.0,唐钺_002_5e996979,唐钺_002_5e996979_s0006
segment:ad17e87804ab,claim:00568afa6ea9,MAKES_CLAIM,MAKES_CLAIM,negative,0,0,,释迦割臂饲鹰（这是无稽的神话，我只是不相信）,1.0,唐钺_002_5e996979,唐钺_002_5e996979_s0006
segment:ad17e87804ab,claim:7b60df62d900,MAKES_CLAIM,MAKES_CLAIM,negative,0,0,,基督钉十字架替人赎罪（替人赎罪也是神话）,1.0,唐钺_002_5e996979,唐钺_002_5e996979_s0006
segment:ad17e87804ab,claim:7320231c98f0,MAKES_CLAIM,MAKES_CLAIM,neutral,0,0,,这种极伟大的人物同冥顽不灵及穷凶极恶的人，一样是变态的，一样是可以分析他的成因的；不过现有的史料不够做根据罢了,1.0,唐钺_002_5e996979,唐钺_002_5e996979_s0006
segment:ad17e87804ab,claim:e3614727d581,MAKES_CLAIM,MAKES_CLAIM,neutral,0,0,,这些人是经过后人多量的理想化的，所以我们觉得他们有神妙不可测的地方,1.0,唐钺_002_5e996979,唐钺_002_5e996979_s0006
segment:ad17e87804ab,claim:1977876d6e68,MAKES_CLAIM,MAKES_CLAIM,neutral,0,0,,请看《论衡·实知篇》，就知道汉时已经把孔子当做神人，能后知万世的了,1.0,唐钺_002_5e996979,唐钺_002_5e996979_s0006
segment:ad17e87804ab,claim:f3d8b18bce76,MAKES_CLAIM,MAKES_CLAIM,neutral,0,0,,耶稣、释迦的理想化，当然是更厉害,1.0,唐钺_002_5e996979,唐钺_002_5e996979_s0006
segment:ad17e87804ab,claim:f1228236db97,MAKES_CLAIM,MAKES_CLAIM,negative,0,0,,至于“人类活历史，却什有八九从这种神秘（指‘一个人对于所信仰的宗教，对于所崇拜的人或主义，那种狂热情绪’）中创造出来”，这不能成为一种理由,1.0,唐钺_002_5e996979,唐钺_002_5e996979_s0006
segment:ad17e87804ab,claim:d1e3b61a0d22,MAKES_CLAIM,MAKES_CLAIM,negative,0,0,,热情生出活历史，固然是事实；但是，热情不可分析，又是一个问题，不能以前者证后者,1.0,唐钺_002_5e996979,唐钺_002_5e996979_s0006
segment:ad17e87804ab,claim:3eac3c68974f,MAKES_CLAIM,MAKES_CLAIM,negative,0,0,,就是这些热情所创造的活历史，至少一半是糟糕的,1.0,唐钺_002_5e996979,唐钺_002_5e996979_s0006
segment:ad17e87804ab,claim:143a293c5f74,MAKES_CLAIM,MAKES_CLAIM,negative,0,0,,中国历朝的女祸，欧洲宗教的残杀史，就是因为热情脱离理智的羁绊的结果,1.0,唐钺_002_5e996979,唐钺_002_5e996979_s0006
segment:ad17e87804ab,claim:95405a324747,MAKES_CLAIM,MAKES_CLAIM,negative,0,0,,这种“脱羁”的情绪，我们不必去鼓励他们,1.0,唐钺_002_5e996979,唐钺_002_5e996979_s0006
segment:ad17e87804ab,claim:3f9d422f0eeb,MAKES_CLAIM,MAKES_CLAIM,neutral,0,0,,我们所以看得爱这样神秘，是：（一）因为他的成因比别的心理事项复杂，一时不能分析得精密,1.0,唐钺_002_5e996979,唐钺_002_5e996979_s0006
segment:bc80eefcfe9b,claim:eff579702946,MAKES_CLAIM,MAKES_CLAIM,negative,0,0,,因为热情脱离理智的羁绊的结果。这种“脱羁”的情绪，我们不必去鼓励他们。,0.9,唐钺_002_5e996979,唐钺_002_5e996979_s0007
segment:bc80eefcfe9b,claim:9f60e3ea0ffe,MAKES_CLAIM,MAKES_CLAIM,neutral,0,0,,我们所以看得爱这样神秘，是：（一）因为他的成因比别的心理事项复杂，一时不能分析得精密；（二）因为爱是最强度的快感，我们不肯用理智分析他的心理条件，因而消灭他；（三）因为他是人类最高的快感，所以许多文学家把他理想化，弄得我们以为爱是“玄之又玄”，而且“神圣不可侵犯”的东西。,0.9,唐钺_002_5e996979,唐钺_002_5e996979_s0007
segment:bc80eefcfe9b,claim:cb1b50363e58,MAKES_CLAIM,MAKES_CLAIM,neutral,0,0,,其实爱同火差不多：他的本体没有什么好坏，而他的结果是可以好可以坏的。,0.9,唐钺_002_5e996979,唐钺_002_5e996979_s0007
segment:bc80eefcfe9b,claim:177976b06adf,MAKES_CLAIM,MAKES_CLAIM,positive,0,0,,他受理智的支配的程度愈大，他的结果愈好。反之，结果就愈坏。,0.9,唐钺_002_5e996979,唐钺_002_5e996979_s0007
segment:bc80eefcfe9b,claim:799d620b1ef6,MAKES_CLAIM,MAKES_CLAIM,negative,0,0,,世间许多罪恶，是由不受理智支配的爱情发生，,0.9,唐钺_002_5e996979,唐钺_002_5e996979_s0007
segment:bc80eefcfe9b,claim:7b723d7515f6,MAKES_CLAIM,MAKES_CLAIM,negative,0,0,,凡诚实不自欺的人，一定不肯同十七八岁男女一般见识，把爱看做神秘而至尊无上的东西。,0.9,唐钺_002_5e996979,唐钺_002_5e996979_s0007
segment:bc80eefcfe9b,claim:72b1a2d10588,MAKES_CLAIM,MAKES_CLAIM,negative,0,0,,近年青年男女，因为信仰爱是神秘，是绝对超理智的，而弄得身败名裂，贻祸他人的，已经不少了。,0.9,唐钺_002_5e996979,唐钺_002_5e996979_s0007
segment:bc80eefcfe9b,claim:12aee94720f6,MAKES_CLAIM,MAKES_CLAIM,neutral,0,0,,至于爱的本身，是经验的“所与”，是不可分析而且不必分析的，同美一样。,0.9,唐钺_002_5e996979,唐钺_002_5e996979_s0007
segment:bc80eefcfe9b,claim:d2f1b442bcd2,MAKES_CLAIM,MAKES_CLAIM,positive,0,0,,关于情感的事项，要就我们的知识所及，尽量用科学方法来解决的。,0.9,唐钺_002_5e996979,唐钺_002_5e996979_s0007
segment:bc80eefcfe9b,claim:2d254f7e6a42,MAKES_CLAIM,MAKES_CLAIM,neutral,0,0,,至于情感的事项的“超科学”的方面，不过是“所与性”，是理智事项及一切其他经验所共有的，是科学的起点；,0.9,唐钺_002_5e996979,唐钺_002_5e996979_s0007
segment:bc80eefcfe9b,claim:7482f7fe7d14,MAKES_CLAIM,MAKES_CLAIM,neutral,0,0,,我们叫他做“神秘”，也未尝不可；不过这种的“神秘”，同“平常”的意义无别罢了。,0.9,唐钺_002_5e996979,唐钺_002_5e996979_s0007
segment:82d764185d8e,claim:6397a07e9a2e,MAKES_CLAIM,MAKES_CLAIM,neutral,0,0,,自丁在君先生发表“凡是用科学方法的研究都是科学”（这是大意，原文见他的《玄学与科学》篇中）的意思以后,1.0,唐钺_003_1292971a,唐钺_003_1292971a_s0000
segment:82d764185d8e,claim:978c86f372e9,MAKES_CLAIM,MAKES_CLAIM,negative,0,0,,林宰平先生似乎就是有这样的感想的。他说：“其结果必至天地间无一不是科学罢了。”,1.0,唐钺_003_1292971a,唐钺_003_1292971a_s0000
segment:82d764185d8e,claim:9bf5d1231e09,MAKES_CLAIM,MAKES_CLAIM,negative,0,0,,我的浅见，以为这样的结论，不能从丁先生的主张演绎出来。,1.0,唐钺_003_1292971a,唐钺_003_1292971a_s0000
segment:82d764185d8e,claim:e929fa5a7db8,MAKES_CLAIM,MAKES_CLAIM,positive,0,0,,充丁先生的话的结果，不过说“天地间无一不是科学的材料”罢了。这样说是没有甚么不可通的地方。,1.0,唐钺_003_1292971a,唐钺_003_1292971a_s0000
segment:82d764185d8e,claim:078c9318af42,MAKES_CLAIM,MAKES_CLAIM,neutral,0,0,,丁先生在他那篇《玄学与科学讨论的余兴》上说，他那方面的辩论“已经可以宣告终了”,1.0,唐钺_003_1292971a,唐钺_003_1292971a_s0000
segment:82d764185d8e,claim:9662dfb4fbcc,MAKES_CLAIM,MAKES_CLAIM,negative,0,0,,林先生说：“譬如一步一步的先搜集材料，次假定公例，又次试验证明，这样诚实有条理，固然应用到那一方面都相宜。然科学若仅指这种空空洞洞的方法，那么凡做人能够诚实有条理的（按林先生的意思，应该说能够用假定，证明等方法的），都可称他是科学家么？”,1.0,唐钺_003_1292971a,唐钺_003_1292971a_s0000
segment:82d764185d8e,claim:00d684480125,MAKES_CLAIM,MAKES_CLAIM,negative,0,0,,这有两层解答。第一，科学方法中所谓试验证明，是极其谨严的。试验时的一切条件，都要受试验者的制裁。就是不能试验的现象，也要用归纳五术等等以排除不相关的事实。人类的日常生活，条件过于复杂，并且事机迫不及待；这种真正的科学方法，不能够完全应用。,1.0,唐钺_003_1292971a,唐钺_003_1292971a_s0000
segment:9e5700c5f373,claim:4f46444b8494,MAKES_CLAIM,MAKES_CLAIM,neutral,0,0,,要受试验者的制裁。就是不能试验的现象，也要用归纳五术等等以排除不相关的事实。,0.9,唐钺_003_1292971a,唐钺_003_1292971a_s0001
segment:9e5700c5f373,claim:f6ec0bb5522c,MAKES_CLAIM,MAKES_CLAIM,negative,0,0,,人类的日常生活，条件过于复杂，并且事机迫不及待；这种真正的科学方法，不能够完全应用。,0.9,唐钺_003_1292971a,唐钺_003_1292971a_s0001
segment:9e5700c5f373,claim:127c3f0ee294,MAKES_CLAIM,MAKES_CLAIM,negative,0,0,,所以我们做人处事的根据，多少含些臆测在内，不是真正的科学方法,0.9,唐钺_003_1292971a,唐钺_003_1292971a_s0001
segment:9e5700c5f373,claim:cbc249ad2e3f,MAKES_CLAIM,MAKES_CLAIM,negative,0,0,,所以无论一个人做人怎样诚实有条理，我们不能称他做科学家。,0.9,唐钺_003_1292971a,唐钺_003_1292971a_s0001
segment:9e5700c5f373,claim:0a7970978f19,MAKES_CLAIM,MAKES_CLAIM,negative,0,0,,林先生不过假定有这么一个完全应用科学方法去做人的人，然而实际上是没有。,0.9,唐钺_003_1292971a,唐钺_003_1292971a_s0001
segment:9e5700c5f373,claim:5bfb18ce3c6e,MAKES_CLAIM,MAKES_CLAIM,positive,0,0,,假如果然有这么一个人，我们很情愿称他做“做人的科学家”。,0.9,唐钺_003_1292971a,唐钺_003_1292971a_s0001
segment:9e5700c5f373,claim:7b12ba74a65c,MAKES_CLAIM,MAKES_CLAIM,neutral,0,0,,通常所谓科学家，单指用科学方法去研究事实而得他们的因果关系的人，不包括应用科学方法去创造（如艺术）或变更物我间的关系（如“做人”）的人。,0.9,唐钺_003_1292971a,唐钺_003_1292971a_s0001
segment:9e5700c5f373,claim:32d0972b0984,MAKES_CLAIM,MAKES_CLAIM,neutral,0,0,,林先生又说“若谓绘画等，……既是应用科学的方法，总可谓之科学。其实这句话只可说：绘画等也未尝不可用科学的方法来研究；至于绘画自身……要说他是科学，就很费解的了”。,0.9,唐钺_003_1292971a,唐钺_003_1292971a_s0001
segment:9e5700c5f373,claim:ba7b702385bf,MAKES_CLAIM,MAKES_CLAIM,positive,0,0,,林先生既然承认绘画可以用科学方法来研究，那末，当然可以有绘画的科学——即关于绘画的事实之科学的研究。,0.9,唐钺_003_1292971a,唐钺_003_1292971a_s0001
segment:9e5700c5f373,claim:1fa7178242d8,MAKES_CLAIM,MAKES_CLAIM,positive,0,0,,这个绘画的科学，与绘画自身——即艺术品的创造——不是不相容的东西。,0.9,唐钺_003_1292971a,唐钺_003_1292971a_s0001
segment:9e5700c5f373,claim:96b62c19a6b8,MAKES_CLAIM,MAKES_CLAIM,negative,0,0,,至于绘画自身，虽然应用科学如透视学等，而实在是艺术，从来没有人称他做科学。,0.9,唐钺_003_1292971a,唐钺_003_1292971a_s0001
segment:1dff6bc12659,claim:dfb412721e89,MAKES_CLAIM,MAKES_CLAIM,negative,0,0,,林先生说这样称说是“费解的”,0.9,唐钺_003_1292971a,唐钺_003_1292971a_s0002
segment:1dff6bc12659,claim:4444fa65c903,MAKES_CLAIM,MAKES_CLAIM,negative,0,0,,我还要说，不特费解，而且是不通。,0.9,唐钺_003_1292971a,唐钺_003_1292971a_s0002
segment:1dff6bc12659,claim:d21ac40cc7b3,MAKES_CLAIM,MAKES_CLAIM,positive,0,0,,以上的话，推之其他艺术也是一样。,0.9,唐钺_003_1292971a,唐钺_003_1292971a_s0002
segment:1dff6bc12659,claim:659be437f334,MAKES_CLAIM,MAKES_CLAIM,positive,0,0,,关于这一点，林先生同我的意见实际上没有差异。,0.9,唐钺_003_1292971a,唐钺_003_1292971a_s0002
segment:1dff6bc12659,claim:3049abe2161b,MAKES_CLAIM,MAKES_CLAIM,negative,0,0,,林先生又提及“基督教科学”“灵学”和妖怪学，而说他们虽然应用科学方法而不是科学。,0.9,唐钺_003_1292971a,唐钺_003_1292971a_s0002
segment:1dff6bc12659,claim:5370daaa417c,MAKES_CLAIM,MAKES_CLAIM,negative,0,0,,“基督教科学”虽也“利用暗示方法”，而含有其他不合科学的方法，所以不能称为科学。,0.9,唐钺_003_1292971a,唐钺_003_1292971a_s0002
segment:1dff6bc12659,claim:2ee60f2dd7a5,MAKES_CLAIM,MAKES_CLAIM,negative,0,0,,他虽然冒充科学，我们只能看他做一种宗教。,0.9,唐钺_003_1292971a,唐钺_003_1292971a_s0002
segment:1dff6bc12659,claim:0fa0bb6862e8,MAKES_CLAIM,MAKES_CLAIM,negative,0,0,,灵学，虽然得少数学者如洛奇辈的崇信；但是大多数的科学家都不承认科学所用的方法是真正科学的方法，所以不称他做科学。,0.9,唐钺_003_1292971a,唐钺_003_1292971a_s0002
segment:1dff6bc12659,claim:99b320fb2ee9,MAKES_CLAIM,MAKES_CLAIM,negative,0,0,,洛奇于变态心理学是外行，他对于灵学的判断，是靠不住的。,0.9,唐钺_003_1292971a,唐钺_003_1292971a_s0002
segment:1dff6bc12659,claim:310948c471f3,MAKES_CLAIM,MAKES_CLAIM,negative,0,0,,洛奇从前信一个做灵媒的女人，后来经詹姆斯发见伊是“请张为幻”的，而洛奇前三年到美国演讲的时候，还要说他所见过的灵媒没有作伪的。,0.9,唐钺_003_1292971a,唐钺_003_1292971a_s0002
segment:1dff6bc12659,claim:f0fa75056068,MAKES_CLAIM,MAKES_CLAIM,negative,0,0,,此公昏愦，可谓达于极点。,0.9,唐钺_003_1292971a,唐钺_003_1292971a_s0002
segment:1dff6bc12659,claim:c13925a59e78,MAKES_CLAIM,MAKES_CLAIM,negative,0,0,,灵学不是科学，是因为他不用科学的方法，不是因为他所研究的材料的特别。,0.9,唐钺_003_1292971a,唐钺_003_1292971a_s0002
segment:1dff6bc12659,claim:76f04560827e,MAKES_CLAIM,MAKES_CLAIM,neutral,0,0,,至于妖怪学，要看我们的“妖怪”的定义怎样。,0.9,唐钺_003_1292971a,唐钺_003_1292971a_s0002
segment:1dff6bc12659,claim:89409c903254,MAKES_CLAIM,MAKES_CLAIM,neutral,0,0,,我们若以为妖怪是天地间一种实在的东西，同猴子、猫头鹰一样实在；那末，他的有无，还不可知。,0.9,唐钺_003_1292971a,唐钺_003_1292971a_s0002
segment:1dff6bc12659,claim:e37d9ebb9636,MAKES_CLAIM,MAKES_CLAIM,negative,0,0,,“皮之不存，毛将安傅”，当然不能有研究妖怪的科学。,0.9,唐钺_003_1292971a,唐钺_003_1292971a_s0002
segment:cc6eb748f06e,claim:89409c903254,MAKES_CLAIM,MAKES_CLAIM,neutral,0,0,,我们若以为妖怪是天地间一种实在的东西，同猴子、猫头鹰一样实在；那末，他的有无，还不可知。,1.0,唐钺_003_1292971a,唐钺_003_1292971a_s0003
segment:cc6eb748f06e,claim:cc5420477ace,MAKES_CLAIM,MAKES_CLAIM,positive,0,0,,假如我们不过把“妖怪”代表某种非常现象，而用科学方法去制裁他们发生的条件而研究他们的性质，（或者结果证明‘妖怪’不过是变态心理作用），这种的研究，当然称为科学。,1.0,唐钺_003_1292971a,唐钺_003_1292971a_s0003
segment:cc6eb748f06e,claim:435b56e4e55e,MAKES_CLAIM,MAKES_CLAIM,negative,0,0,,林先生以为丁先生说“胡适之讲《红楼梦》，也是科学”，是可笑的话。,1.0,唐钺_003_1292971a,唐钺_003_1292971a_s0003
segment:cc6eb748f06e,claim:63436c9f711c,MAKES_CLAIM,MAKES_CLAIM,neutral,0,0,,假如胡先生的讲《红楼梦》，是用真正科学方法以求得关于此书的事实，那当然是科学；假如他不过说欣赏的话头，那就不是科学。,1.0,唐钺_003_1292971a,唐钺_003_1292971a_s0003
segment:cc6eb748f06e,claim:7e523ebc050d,MAKES_CLAIM,MAKES_CLAIM,positive,0,0,,讲《红楼梦》之是否科学，要看他所用的方法怎样，不能因为讲的是《红楼梦》，而说他不是科学。,1.0,唐钺_003_1292971a,唐钺_003_1292971a_s0003
segment:cc6eb748f06e,claim:1e1ffe436ae4,MAKES_CLAIM,MAKES_CLAIM,positive,0,0,,我的浅见，以为天地间所有现象，都是科学的材料。,1.0,唐钺_003_1292971a,唐钺_003_1292971a_s0003
segment:cc6eb748f06e,claim:a9e688138a11,MAKES_CLAIM,MAKES_CLAIM,positive,0,0,,说艺术宗教的科学的研究是科学，不是说艺术宗教就是科学，同说鱼的科学研究是科学，不是说鱼就是科学一样。,1.0,唐钺_003_1292971a,唐钺_003_1292971a_s0003
segment:cc6eb748f06e,claim:65be861dc91b,MAKES_CLAIM,MAKES_CLAIM,negative,0,0,,很多人反对以艺术宗教为科学的材料，因为恐怕一经科学方法的解剖，宗教艺术都没有价值了。,1.0,唐钺_003_1292971a,唐钺_003_1292971a_s0003
segment:cc6eb748f06e,claim:603bc42c0ad5,MAKES_CLAIM,MAKES_CLAIM,negative,0,0,,除非我们能够证明凡是经科学方法分析过的东西，都是没有价值的；我们尽可以宽怀过活，不必抱杞人之忧。,1.0,唐钺_003_1292971a,唐钺_003_1292971a_s0003
segment:b0a9f0776959,claim:9206c6cf752f,MAKES_CLAIM,MAKES_CLAIM,negative,0,0,,或者又以为某种现象，如宗教艺术至少总有一部分，用科学方法研究不出来所以然的；所以就说不能有宗教或艺术的科学。,0.9,唐钺_003_1292971a,唐钺_003_1292971a_s0004
segment:b0a9f0776959,claim:b5b2a4fea69a,MAKES_CLAIM,MAKES_CLAIM,negative,0,0,,这话是不对的。,0.9,唐钺_003_1292971a,唐钺_003_1292971a_s0004
segment:b0a9f0776959,claim:6e1ca8e3b62c,MAKES_CLAIM,MAKES_CLAIM,neutral,0,0,,因为无论那一种科学任凭他怎样发达（如天文，物理），都有一部分——恐怕是大部分——还是研究不出来所以然的。,0.9,唐钺_003_1292971a,唐钺_003_1292971a_s0004
segment:b0a9f0776959,claim:978a31a24da8,MAKES_CLAIM,MAKES_CLAIM,positive,0,0,,然而吾人的知识却是日有进步的，可以不必因此灰心，更不应该因此而说科学方法不适用于研究某类的现象。,0.9,唐钺_003_1292971a,唐钺_003_1292971a_s0004
segment:b0a9f0776959,claim:ff447f93bfa0,MAKES_CLAIM,MAKES_CLAIM,negative,0,0,,有人以为各种科学，各自有各自的方法。既然各自有各自的方法，那末，科学方法的种类繁杂，当然不能说用科学方法的研究，都是科学；因为一种材料，不能适用许多方法的缘故。,0.9,唐钺_003_1292971a,唐钺_003_1292971a_s0004
segment:b0a9f0776959,claim:5a40bcc6fc7d,MAKES_CLAIM,MAKES_CLAIM,positive,0,0,,我的浅见，以为各科固然有各科的方法，而同时有他们共同的方法。就是心理学同物理学也有共同的方法（如假定及谨严的证明等等）；心理学中所谓观察、实验、内省，只是一个方法。（实验不过以人力支配事物发生的条件而观察之之谓，内省不过是在实验的条件之下而观察心理现象之谓，离实验而内省，不是心理学。）所以不能说一切科学没有惟一的共同方法。,0.9,唐钺_003_1292971a,唐钺_003_1292971a_s0004
segment:eec33dd11665,claim:fd0f61a93251,MAKES_CLAIM,MAKES_CLAIM,neutral,0,0,,范先生以为通常所谓因果律是“狭义的因果律”，即齐一的原理（谓同种的因必生同种的果）,1.0,唐钺_004_0712956a,唐钺_004_0712956a_s0000
segment:eec33dd11665,claim:b5f4d528c50b,MAKES_CLAIM,MAKES_CLAIM,neutral,0,0,,而我对于因果律所下的界说，却是指“广义的因果律”,1.0,唐钺_004_0712956a,唐钺_004_0712956a_s0000
segment:eec33dd11665,claim:49f59f502385,MAKES_CLAIM,MAKES_CLAIM,negative,0,0,,未免有辨别不清楚的毛病,1.0,唐钺_004_0712956a,唐钺_004_0712956a_s0000
segment:eec33dd11665,claim:e1826cf31a8a,MAKES_CLAIM,MAKES_CLAIM,positive,0,0,,我原说“我所谓因果律，就是说：一切现象，都有原因”,1.0,唐钺_004_0712956a,唐钺_004_0712956a_s0000
segment:eec33dd11665,claim:07f75091db47,MAKES_CLAIM,MAKES_CLAIM,positive,0,0,,我这界说，才看好像是单指广义的因果律，其实是包括广狭二义,1.0,唐钺_004_0712956a,唐钺_004_0712956a_s0000
segment:eec33dd11665,claim:828a825eb57b,MAKES_CLAIM,MAKES_CLAIM,positive,0,0,,一说“有因有果”，就是说“同种的因必生同种的果”,1.0,唐钺_004_0712956a,唐钺_004_0712956a_s0000
segment:eec33dd11665,claim:57fc957a98da,MAKES_CLAIM,MAKES_CLAIM,positive,0,0,,我于下文又说“因果的关系，不过是可以互从推知的意思”,1.0,唐钺_004_0712956a,唐钺_004_0712956a_s0000
segment:eec33dd11665,claim:0b0f64311dbb,MAKES_CLAIM,MAKES_CLAIM,negative,0,0,,若同种因不必生同种果，怎么可以互从推知呢？,1.0,唐钺_004_0712956a,唐钺_004_0712956a_s0000
segment:eec33dd11665,claim:fe8d9aa5a6bf,MAKES_CLAIM,MAKES_CLAIM,negative,0,0,,但是这不过是我们知识没到精密时暂有的现象，并不是事实上如是,1.0,唐钺_004_0712956a,唐钺_004_0712956a_s0000
segment:8f8c40ccfab6,claim:a31d83449fcb,MAKES_CLAIM,MAKES_CLAIM,positive,0,0,,同理，一种因也只有一种果。,1.0,唐钺_004_0712956a,唐钺_004_0712956a_s0001
segment:8f8c40ccfab6,claim:af7c21b73dfa,MAKES_CLAIM,MAKES_CLAIM,positive,0,0,,所以我的界说，似乎不应该引起读者的误会。,1.0,唐钺_004_0712956a,唐钺_004_0712956a_s0001
segment:8f8c40ccfab6,claim:c7688cea2463,MAKES_CLAIM,MAKES_CLAIM,positive,0,0,,范先生以为广义的因果律就是充足理由的原理。,1.0,唐钺_004_0712956a,唐钺_004_0712956a_s0001
segment:8f8c40ccfab6,claim:1bd4153abd21,MAKES_CLAIM,MAKES_CLAIM,negative,0,0,,我的浅见以为，这也不甚妥适。,1.0,唐钺_004_0712956a,唐钺_004_0712956a_s0001
segment:8f8c40ccfab6,claim:be87ea71913e,MAKES_CLAIM,MAKES_CLAIM,positive,0,0,,他说：“由充足理由的原理，我们判定若没有充足理由解释何以事实或命题恰是这样而不是别样，没有一事实是真有，没有一命题是真实（虽然这些理由常常为我们所不知道）。”,1.0,唐钺_004_0712956a,唐钺_004_0712956a_s0001
segment:8f8c40ccfab6,claim:a11f839078fc,MAKES_CLAIM,MAKES_CLAIM,negative,0,0,,虽然这个原理可以包括广义的因果律，但是他的范围广泛，似乎不应该把他们两个看做同物。,1.0,唐钺_004_0712956a,唐钺_004_0712956a_s0001
segment:8f8c40ccfab6,claim:5e5041773110,MAKES_CLAIM,MAKES_CLAIM,positive,0,0,,范先生又说：“他们（指丁文江、王星拱、唐钺等）都以为……狭义的科学能够解决人生观的全部。”,1.0,唐钺_004_0712956a,唐钺_004_0712956a_s0001
segment:8f8c40ccfab6,claim:59924ac6b48f,MAKES_CLAIM,MAKES_CLAIM,negative,0,0,,弄到结局，他们竟至承认人类的意志全受因果律（狭义）的支配，他们看人类直同机械一般，他们否认自由和道德。,1.0,唐钺_004_0712956a,唐钺_004_0712956a_s0001
segment:cbbd22683574,claim:d2caea966f46,MAKES_CLAIM,MAKES_CLAIM,positive,0,0,,我的意见以为人生观只是内容的伦理规范的问题，而不是形式的规范的问题。,0.9,唐钺_004_0712956a,唐钺_004_0712956a_s0003
segment:cbbd22683574,claim:1a42b6e78053,MAKES_CLAIM,MAKES_CLAIM,positive,0,0,,所以我以为人生观不是由直觉而得，科学可以解决人生观的全部。,0.9,唐钺_004_0712956a,唐钺_004_0712956a_s0003
segment:cbbd22683574,claim:66fe3d6d244b,MAKES_CLAIM,MAKES_CLAIM,negative,0,0,,或者范先生以为人生观的直觉的部分是“最重要的部分；为注重起见，我们应该说科学不能解决人生观的全部”。,0.9,唐钺_004_0712956a,唐钺_004_0712956a_s0003
segment:cbbd22683574,claim:b0aaba80e95c,MAKES_CLAIM,MAKES_CLAIM,negative,0,0,,我以为这所谓重要是实用上的重要而非学理上的重要。,0.9,唐钺_004_0712956a,唐钺_004_0712956a_s0003
segment:cbbd22683574,claim:5f8c78316d1b,MAKES_CLAIM,MAKES_CLAIM,positive,0,0,,我们讨论科学与人生观的关系，所争者是学理问题而不是实用问题。,0.9,唐钺_004_0712956a,唐钺_004_0712956a_s0003
segment:cbbd22683574,claim:f73352f43522,MAKES_CLAIM,MAKES_CLAIM,negative,0,0,,自学理方面看起来，“义务意识”是不成问题，因而不是重要。,0.9,唐钺_004_0712956a,唐钺_004_0712956a_s0003
segment:cbbd22683574,claim:c6d5dd090715,MAKES_CLAIM,MAKES_CLAIM,negative,0,0,,所以这意识，就是“做你所自认为应当做的行为”。这句话，实在不能够发生一点效力，因为我们所要解决的正是你所自认为应当做的到底是不是你应当做的。,0.9,唐钺_004_0712956a,唐钺_004_0712956a_s0003
segment:cbbd22683574,claim:2591b7543d0f,MAKES_CLAIM,MAKES_CLAIM,positive,0,0,,这个问题惟科学可以解决，直觉只可敬谢不敏了。,0.9,唐钺_004_0712956a,唐钺_004_0712956a_s0003
segment:cbbd22683574,claim:1b7a879f00db,MAKES_CLAIM,MAKES_CLAIM,negative,0,0,,这样看来，更可以明白直觉在人生观上，并不算是最紧要的了。,0.9,唐钺_004_0712956a,唐钺_004_0712956a_s0003
segment:cbbd22683574,claim:00c602739457,MAKES_CLAIM,MAKES_CLAIM,negative,0,0,,因为他所给与我们的，不过一句赘疣的话“做你所自认为应做的行为”罢了。,0.9,唐钺_004_0712956a,唐钺_004_0712956a_s0003
segment:cbbd22683574,claim:2f19a7f8f36c,MAKES_CLAIM,MAKES_CLAIM,positive,0,0,,即范先生自己也以为“所得必然的法则（指狭义科学所探讨的）……是为树立当然的法则的根据”。,0.9,唐钺_004_0712956a,唐钺_004_0712956a_s0003
segment:cbbd22683574,claim:0af9dcfa1fc3,MAKES_CLAIM,MAKES_CLAIM,negative,0,0,,当然的法则既然须待必然的法则的根据而方可树立，还用得着什么直觉呢？,0.9,唐钺_004_0712956a,唐钺_004_0712956a_s0003
segment:cbbd22683574,claim:6c789e1d6269,MAKES_CLAIM,MAKES_CLAIM,negative,0,0,,范先生说我否认意志自由和道德。,0.9,唐钺_004_0712956a,唐钺_004_0712956a_s0003
segment:cbbd22683574,claim:a0f423e725be,MAKES_CLAIM,MAKES_CLAIM,negative,0,0,,我自信我并没有发表这种浑括的议论。,0.9,唐钺_004_0712956a,唐钺_004_0712956a_s0003
segment:a80c93061738,claim:ecfaa36d01a4,MAKES_CLAIM,MAKES_CLAIM,neutral,0,0,,前者是指以自己的意志起决心及行为的能力（抉择的自由），后者是说意志或各特殊决心的自身没有原因。,0.9,唐钺_004_0712956a,唐钺_004_0712956a_s0005
segment:a80c93061738,claim:04e0d88f7416,MAKES_CLAIM,MAKES_CLAIM,neutral,0,0,,道德上的负责及法律上的负责不过根据于心理的自由。,0.9,唐钺_004_0712956a,唐钺_004_0712956a_s0005
segment:a80c93061738,claim:942917c01892,MAKES_CLAIM,MAKES_CLAIM,positive,0,0,,我在《心理现象与因果律》里所否认的只是意志的玄学的自由（即意志无因），并没有否认心理上的自由。,0.9,唐钺_004_0712956a,唐钺_004_0712956a_s0005
segment:a80c93061738,claim:36bad1d9f91e,MAKES_CLAIM,MAKES_CLAIM,negative,0,0,,怎么可以说我否认道德上责任呢？,0.9,唐钺_004_0712956a,唐钺_004_0712956a_s0005
segment:a80c93061738,claim:fb782b710b3f,MAKES_CLAIM,MAKES_CLAIM,neutral,0,0,,我们所谓要一个人负责，不过说我们可以因他的行为的恶果而加以相当的科罚。,0.9,唐钺_004_0712956a,唐钺_004_0712956a_s0005
segment:a80c93061738,claim:220f1dd009b3,MAKES_CLAIM,MAKES_CLAIM,neutral,0,0,,这科罚的目的，正是要对治那些原因。,0.9,唐钺_004_0712956a,唐钺_004_0712956a_s0005
segment:a80c93061738,claim:cd7a8bb00eb4,MAKES_CLAIM,MAKES_CLAIM,neutral,0,0,,社会的对治，也是因果的必然关系。,0.9,唐钺_004_0712956a,唐钺_004_0712956a_s0005
segment:a80c93061738,claim:87d776b37646,MAKES_CLAIM,MAKES_CLAIM,negative,0,0,,以上所说，或者有人以为只能说明意志有因不悖于负责原理，而不能免去把人生弄成毫无意味的结局。,0.8,唐钺_004_0712956a,唐钺_004_0712956a_s0005
entity:1833175dbdc3,term:5b71b8f8757e,RELATES_TO,定义,positive,1.0,0.8,概念澄清,我所谓因果律，就是说：一切现象，都有原因。,1.0,唐钺_000_b5cd146b,唐钺_000_b5cd146b_s0000
segment:693c574c8c24,entity:1833175dbdc3,MENTIONS,因果律,neutral,0,0,,我所谓因果律，就是说：一切现象，都有原因。,1.0,唐钺_000_b5cd146b,唐钺_000_b5cd146b_s0000
segment:693c574c8c24,term:5b71b8f8757e,MENTIONS,一切现象，都有原因,neutral,0,0,,我所谓因果律，就是说：一切现象，都有原因。,1.0,唐钺_000_b5cd146b,唐钺_000_b5cd146b_s0000
entity:1833175dbdc3,term:b15554764fd8,RELATES_TO,定义,positive,1.0,0.7,概念澄清,因果的关系，不过是可以互从推知的意思。,1.0,唐钺_000_b5cd146b,唐钺_000_b5cd146b_s0000
segment:693c574c8c24,entity:1833175dbdc3,MENTIONS,因果律,neutral,0,0,,因果的关系，不过是可以互从推知的意思。,1.0,唐钺_000_b5cd146b,唐钺_000_b5cd146b_s0000
segment:693c574c8c24,term:b15554764fd8,MENTIONS,因果的关系，不过是可以互从推知的意思,neutral,0,0,,因果的关系，不过是可以互从推知的意思。,1.0,唐钺_000_b5cd146b,唐钺_000_b5cd146b_s0000
entity:1833175dbdc3,entity:10719f3b2a3e,RELATES_TO,归因于,positive,0.5,0.5,不适用,因果律是从经验得来的。,1.0,唐钺_000_b5cd146b,唐钺_000_b5cd146b_s0000
segment:693c574c8c24,entity:1833175dbdc3,MENTIONS,因果律,neutral,0,0,,因果律是从经验得来的。,1.0,唐钺_000_b5cd146b,唐钺_000_b5cd146b_s0000
segment:693c574c8c24,entity:10719f3b2a3e,MENTIONS,经验,neutral,0,0,,因果律是从经验得来的。,1.0,唐钺_000_b5cd146b,唐钺_000_b5cd146b_s0000
entity:872e98bc545e,term:7a3555f1033a,RELATES_TO,主张,neutral,0.0,0.3,不适用,初民及幼儿每每不知道有因果律,1.0,唐钺_000_b5cd146b,唐钺_000_b5cd146b_s0000
segment:693c574c8c24,entity:872e98bc545e,MENTIONS,初民,neutral,0,0,,初民及幼儿每每不知道有因果律,1.0,唐钺_000_b5cd146b,唐钺_000_b5cd146b_s0000
segment:693c574c8c24,term:7a3555f1033a,MENTIONS,不知道有因果律,neutral,0,0,,初民及幼儿每每不知道有因果律,1.0,唐钺_000_b5cd146b,唐钺_000_b5cd146b_s0000
entity:30397cea5ef9,term:7a3555f1033a,RELATES_TO,主张,neutral,0.0,0.3,不适用,初民及幼儿每每不知道有因果律,1.0,唐钺_000_b5cd146b,唐钺_000_b5cd146b_s0000
segment:693c574c8c24,entity:30397cea5ef9,MENTIONS,幼儿,neutral,0,0,,初民及幼儿每每不知道有因果律,1.0,唐钺_000_b5cd146b,唐钺_000_b5cd146b_s0000
segment:693c574c8c24,term:7a3555f1033a,MENTIONS,不知道有因果律,neutral,0,0,,初民及幼儿每每不知道有因果律,1.0,唐钺_000_b5cd146b,唐钺_000_b5cd146b_s0000
entity:2113d0c5f791,entity:d9a257f6a96c,RELATES_TO,主张,negative,-0.5,0.5,不适用,我称主张心理现象是不受因果律所支配的人做无因论者,1.0,唐钺_000_b5cd146b,唐钺_000_b5cd146b_s0000
segment:693c574c8c24,entity:2113d0c5f791,MENTIONS,无因论者,neutral,0,0,,我称主张心理现象是不受因果律所支配的人做无因论者,1.0,唐钺_000_b5cd146b,唐钺_000_b5cd146b_s0000
segment:693c574c8c24,entity:d9a257f6a96c,MENTIONS,心理现象是不受因果律所支配,neutral,0,0,,我称主张心理现象是不受因果律所支配的人做无因论者,1.0,唐钺_000_b5cd146b,唐钺_000_b5cd146b_s0000
entity:a7c89e4e9e3e,entity:1833175dbdc3,RELATES_TO,作为论据支持,positive,0.5,0.5,不适用,浅显的例，就如雪见日光就溶化，日光是雪化的因,1.0,唐钺_000_b5cd146b,唐钺_000_b5cd146b_s0000
segment:693c574c8c24,entity:a7c89e4e9e3e,MENTIONS,雪见日光就溶化,neutral,0,0,,浅显的例，就如雪见日光就溶化，日光是雪化的因,1.0,唐钺_000_b5cd146b,唐钺_000_b5cd146b_s0000
segment:693c574c8c24,entity:1833175dbdc3,MENTIONS,因果律,neutral,0,0,,浅显的例，就如雪见日光就溶化，日光是雪化的因,1.0,唐钺_000_b5cd146b,唐钺_000_b5cd146b_s0000
entity:182758fef115,term:b15554764fd8,RELATES_TO,作为论据支持,positive,0.5,0.5,不适用,牛顿的万有引力公式，就是如此。,1.0,唐钺_000_b5cd146b,唐钺_000_b5cd146b_s0000
segment:693c574c8c24,entity:182758fef115,MENTIONS,牛顿的万有引力公式,neutral,0,0,,牛顿的万有引力公式，就是如此。,1.0,唐钺_000_b5cd146b,唐钺_000_b5cd146b_s0000
segment:693c574c8c24,term:b15554764fd8,MENTIONS,因果的关系，不过是可以互从推知的意思,neutral,0,0,,牛顿的万有引力公式，就是如此。,1.0,唐钺_000_b5cd146b,唐钺_000_b5cd146b_s0000
term:8f08a410e16e,term:14abc561c4ff,RELATES_TO,导致,negative,-0.5,0.5,不适用,初民及幼儿每每不知道有因果律，所以往往有可笑的幻想同奢望。,1.0,唐钺_000_b5cd146b,唐钺_000_b5cd146b_s0001
segment:528692c9d446,term:8f08a410e16e,MENTIONS,初民及幼儿每每不知道有因果律,neutral,0,0,,初民及幼儿每每不知道有因果律，所以往往有可笑的幻想同奢望。,1.0,唐钺_000_b5cd146b,唐钺_000_b5cd146b_s0001
segment:528692c9d446,term:14abc561c4ff,MENTIONS,往往有可笑的幻想同奢望,neutral,0,0,,初民及幼儿每每不知道有因果律，所以往往有可笑的幻想同奢望。,1.0,唐钺_000_b5cd146b,唐钺_000_b5cd146b_s0001
entity:2113d0c5f791,entity:6d2d9b48aba1,RELATES_TO,相关,neutral,0.0,0.5,援引权威,无因论者一定要引康德的主张，说因果律是理性中所固有的，是先乎经验的范畴。,1.0,唐钺_000_b5cd146b,唐钺_000_b5cd146b_s0001
segment:528692c9d446,entity:2113d0c5f791,MENTIONS,无因论者,neutral,0,0,,无因论者一定要引康德的主张，说因果律是理性中所固有的，是先乎经验的范畴。,1.0,唐钺_000_b5cd146b,唐钺_000_b5cd146b_s0001
segment:528692c9d446,entity:6d2d9b48aba1,MENTIONS,康德的主张,neutral,0,0,,无因论者一定要引康德的主张，说因果律是理性中所固有的，是先乎经验的范畴。,1.0,唐钺_000_b5cd146b,唐钺_000_b5cd146b_s0001
term:444862b1d437,entity:6d2d9b48aba1,RELATES_TO,相关,negative,-0.5,0.5,一般批评,这种主张，现在已经受许多人抨击。,1.0,唐钺_000_b5cd146b,唐钺_000_b5cd146b_s0001
segment:528692c9d446,term:444862b1d437,MENTIONS,作者,neutral,0,0,,这种主张，现在已经受许多人抨击。,1.0,唐钺_000_b5cd146b,唐钺_000_b5cd146b_s0001
segment:528692c9d446,entity:6d2d9b48aba1,MENTIONS,康德的主张,neutral,0,0,,这种主张，现在已经受许多人抨击。,1.0,唐钺_000_b5cd146b,唐钺_000_b5cd146b_s0001
term:444862b1d437,entity:2113d0c5f791,RELATES_TO,反驳,negative,-0.8,0.7,归谬,纵使他是真实，那末，无因论者恐怕要自讨苦吃。,1.0,唐钺_000_b5cd146b,唐钺_000_b5cd146b_s0001
segment:528692c9d446,term:444862b1d437,MENTIONS,作者,neutral,0,0,,纵使他是真实，那末，无因论者恐怕要自讨苦吃。,1.0,唐钺_000_b5cd146b,唐钺_000_b5cd146b_s0001
segment:528692c9d446,entity:2113d0c5f791,MENTIONS,无因论者,neutral,0,0,,纵使他是真实，那末，无因论者恐怕要自讨苦吃。,1.0,唐钺_000_b5cd146b,唐钺_000_b5cd146b_s0001
term:229015e1f4bc,term:208c2b03bb0e,RELATES_TO,主张,neutral,0.0,0.5,不适用,康德说一切现象，都是受因果范畴的支配，心理现象当然不能除外。,1.0,唐钺_000_b5cd146b,唐钺_000_b5cd146b_s0001
segment:528692c9d446,term:229015e1f4bc,MENTIONS,康德,neutral,0,0,,康德说一切现象，都是受因果范畴的支配，心理现象当然不能除外。,1.0,唐钺_000_b5cd146b,唐钺_000_b5cd146b_s0001
segment:528692c9d446,term:208c2b03bb0e,MENTIONS,一切现象，都是受因果范畴的支配，心理现象当然不能除外,neutral,0,0,,康德说一切现象，都是受因果范畴的支配，心理现象当然不能除外。,1.0,唐钺_000_b5cd146b,唐钺_000_b5cd146b_s0001
term:229015e1f4bc,entity:794c1f8372bd,RELATES_TO,主张,neutral,0.0,0.5,不适用,因为他主张本体不可经验，所经验者都是现象。,1.0,唐钺_000_b5cd146b,唐钺_000_b5cd146b_s0001
segment:528692c9d446,term:229015e1f4bc,MENTIONS,康德,neutral,0,0,,因为他主张本体不可经验，所经验者都是现象。,1.0,唐钺_000_b5cd146b,唐钺_000_b5cd146b_s0001
segment:528692c9d446,entity:794c1f8372bd,MENTIONS,本体不可经验，所经验者都是现象,neutral,0,0,,因为他主张本体不可经验，所经验者都是现象。,1.0,唐钺_000_b5cd146b,唐钺_000_b5cd146b_s0001
entity:b4059de00b68,term:15ad3d0c5990,RELATES_TO,属于,positive,1.0,0.8,不适用,心理现象，是经验内的事，当然不是本体。,1.0,唐钺_000_b5cd146b,唐钺_000_b5cd146b_s0001
segment:528692c9d446,entity:b4059de00b68,MENTIONS,心理现象,neutral,0,0,,心理现象，是经验内的事，当然不是本体。,1.0,唐钺_000_b5cd146b,唐钺_000_b5cd146b_s0001
segment:528692c9d446,term:15ad3d0c5990,MENTIONS,经验内的事,neutral,0,0,,心理现象，是经验内的事，当然不是本体。,1.0,唐钺_000_b5cd146b,唐钺_000_b5cd146b_s0001
term:444862b1d437,entity:aeda53266606,RELATES_TO,相关,negative,-0.8,0.7,一般批评,我不赞成康德的因果观，也不屑把他来驳无因论。,1.0,唐钺_000_b5cd146b,唐钺_000_b5cd146b_s0001
segment:528692c9d446,term:444862b1d437,MENTIONS,作者,neutral,0,0,,我不赞成康德的因果观，也不屑把他来驳无因论。,1.0,唐钺_000_b5cd146b,唐钺_000_b5cd146b_s0001
segment:528692c9d446,entity:aeda53266606,MENTIONS,康德的因果观,neutral,0,0,,我不赞成康德的因果观，也不屑把他来驳无因论。,1.0,唐钺_000_b5cd146b,唐钺_000_b5cd146b_s0001
term:444862b1d437,entity:737af2f0c415,RELATES_TO,相关,positive,0.5,0.5,援引权威支持,若用罗素的说法，就是因果的关系，不是说同一个因必有同一个果，乃说同一种的因必有同一种的果。,1.0,唐钺_000_b5cd146b,唐钺_000_b5cd146b_s0001
segment:528692c9d446,term:444862b1d437,MENTIONS,作者,neutral,0,0,,若用罗素的说法，就是因果的关系，不是说同一个因必有同一个果，乃说同一种的因必有同一种的果。,1.0,唐钺_000_b5cd146b,唐钺_000_b5cd146b_s0001
segment:528692c9d446,entity:737af2f0c415,MENTIONS,罗素的说法,neutral,0,0,,若用罗素的说法，就是因果的关系，不是说同一个因必有同一个果，乃说同一种的因必有同一种的果。,1.0,唐钺_000_b5cd146b,唐钺_000_b5cd146b_s0001
entity:7eadf07ee1d6,entity:883dad8c3a03,RELATES_TO,归因于,positive,1.0,0.8,不适用,有时我们明明知道一现象有因果，而不能由因推果或由果推因：这是因为因果过于复杂的缘故。,1.0,唐钺_000_b5cd146b,唐钺_000_b5cd146b_s0001
segment:528692c9d446,entity:7eadf07ee1d6,MENTIONS,一现象有因果，而不能由因推果或由果推因,neutral,0,0,,有时我们明明知道一现象有因果，而不能由因推果或由果推因：这是因为因果过于复杂的缘故。,1.0,唐钺_000_b5cd146b,唐钺_000_b5cd146b_s0001
segment:528692c9d446,entity:883dad8c3a03,MENTIONS,因果过于复杂,neutral,0,0,,有时我们明明知道一现象有因果，而不能由因推果或由果推因：这是因为因果过于复杂的缘故。,1.0,唐钺_000_b5cd146b,唐钺_000_b5cd146b_s0001
term:444862b1d437,entity:fe4b3c41631b,RELATES_TO,反驳,negative,-0.8,0.7,逻辑反驳,所以不能以我们不会推知为该现象无因的理由。,1.0,唐钺_000_b5cd146b,唐钺_000_b5cd146b_s0001
segment:528692c9d446,term:444862b1d437,MENTIONS,作者,neutral,0,0,,所以不能以我们不会推知为该现象无因的理由。,1.0,唐钺_000_b5cd146b,唐钺_000_b5cd146b_s0001
segment:528692c9d446,entity:fe4b3c41631b,MENTIONS,以我们不会推知为该现象无因的理由,neutral,0,0,,所以不能以我们不会推知为该现象无因的理由。,1.0,唐钺_000_b5cd146b,唐钺_000_b5cd146b_s0001
entity:9b9546ee9735,term:440e995d7ca9,RELATES_TO,作为论据支持,positive,1.0,0.8,不适用,譬如瀑布击石时喷出无数浪花，这种浪花，我们知道是依着力学公式的，并且这种公式是精密的。但是，就是力学专家，要预断所喷出百千点浪花的大小、方向、速度，恐怕也只好敬谢不敏了。然而我却不能因此说浪花的情状是无因的。,1.0,唐钺_000_b5cd146b,唐钺_000_b5cd146b_s0001
segment:528692c9d446,entity:9b9546ee9735,MENTIONS,瀑布击石时喷出无数浪花,neutral,0,0,,譬如瀑布击石时喷出无数浪花，这种浪花，我们知道是依着力学公式的，并且这种公式是精密的。但是，就是力学专家，要预断所喷出百千点浪花的大小、方向、速度，恐怕也只好敬谢不敏了。然而我却不能因此说浪花的情状是无因的。,1.0,唐钺_000_b5cd146b,唐钺_000_b5cd146b_s0001
segment:528692c9d446,term:440e995d7ca9,MENTIONS,不能以我们不会推知为该现象无因的理由,neutral,0,0,,譬如瀑布击石时喷出无数浪花，这种浪花，我们知道是依着力学公式的，并且这种公式是精密的。但是，就是力学专家，要预断所喷出百千点浪花的大小、方向、速度，恐怕也只好敬谢不敏了。然而我却不能因此说浪花的情状是无因的。,1.0,唐钺_000_b5cd146b,唐钺_000_b5cd146b_s0001
entity:008aab4a43d3,entity:7a21d6109fcb,RELATES_TO,作为论据支持,positive,1.0,0.5,不适用,比方，火会烫伤皮肤，是完全证实的。,1.0,唐钺_000_b5cd146b,唐钺_000_b5cd146b_s0003
segment:0645d743861c,entity:008aab4a43d3,MENTIONS,火会烫伤皮肤,neutral,0,0,,比方，火会烫伤皮肤，是完全证实的。,1.0,唐钺_000_b5cd146b,唐钺_000_b5cd146b_s0003
segment:0645d743861c,entity:7a21d6109fcb,MENTIONS,一切心理现象都是有因的,neutral,0,0,,比方，火会烫伤皮肤，是完全证实的。,1.0,唐钺_000_b5cd146b,唐钺_000_b5cd146b_s0003
term:3dc59f316b5a,term:ec7116db71dd,RELATES_TO,作为论据支持,negative,-0.5,0.5,不适用,其实一切物质现象有因的根据，也不过如是，而我们都深信不疑，何以独独疑到心理现象呢？,1.0,唐钺_000_b5cd146b,唐钺_000_b5cd146b_s0003
segment:0645d743861c,term:3dc59f316b5a,MENTIONS,一切物质现象有因的根据，也不过如是，而我们都深信不疑,neutral,0,0,,其实一切物质现象有因的根据，也不过如是，而我们都深信不疑，何以独独疑到心理现象呢？,1.0,唐钺_000_b5cd146b,唐钺_000_b5cd146b_s0003
segment:0645d743861c,term:ec7116db71dd,MENTIONS,何以独独疑到心理现象呢？,neutral,0,0,,其实一切物质现象有因的根据，也不过如是，而我们都深信不疑，何以独独疑到心理现象呢？,1.0,唐钺_000_b5cd146b,唐钺_000_b5cd146b_s0003
entity:7e795e0f4272,entity:7a21d6109fcb,RELATES_TO,类比,positive,1.0,0.5,不适用,我可以设一譬喻。假如我们在一条长路上走，据已往的经验，那条路每距一丈就有一棵树。我们走了几百里，都是这样。现在我们望见前路远处还有排列整齐，像树的样子的东西。我们就预测他们也是树了。,1.0,唐钺_000_b5cd146b,唐钺_000_b5cd146b_s0003
segment:0645d743861c,entity:7e795e0f4272,MENTIONS,路与树的譬喻,neutral,0,0,,我可以设一譬喻。假如我们在一条长路上走，据已往的经验，那条路每距一丈就有一棵树。我们走了几百里，都是这样。现在我们望见前路远处还有排列整齐，像树的样子的东西。我们就预测他们也是树了。,1.0,唐钺_000_b5cd146b,唐钺_000_b5cd146b_s0003
segment:0645d743861c,entity:7a21d6109fcb,MENTIONS,一切心理现象都是有因的,neutral,0,0,,我可以设一譬喻。假如我们在一条长路上走，据已往的经验，那条路每距一丈就有一棵树。我们走了几百里，都是这样。现在我们望见前路远处还有排列整齐，像树的样子的东西。我们就预测他们也是树了。,1.0,唐钺_000_b5cd146b,唐钺_000_b5cd146b_s0003
entity:2113d0c5f791,term:452089c74f55,RELATES_TO,主张,positive,0.5,0.3,不适用,无因论者当然以为他们的主张是有证据的。,1.0,唐钺_000_b5cd146b,唐钺_000_b5cd146b_s0003
segment:0645d743861c,entity:2113d0c5f791,MENTIONS,无因论者,neutral,0,0,,无因论者当然以为他们的主张是有证据的。,1.0,唐钺_000_b5cd146b,唐钺_000_b5cd146b_s0003
segment:0645d743861c,term:452089c74f55,MENTIONS,他们的主张是有证据的,neutral,0,0,,无因论者当然以为他们的主张是有证据的。,1.0,唐钺_000_b5cd146b,唐钺_000_b5cd146b_s0003
entity:2113d0c5f791,entity:249e932e082a,RELATES_TO,主张,neutral,0.0,0.3,不适用,无因论者说，心理现象的大部分，现在还不知道他们的原因。,1.0,唐钺_000_b5cd146b,唐钺_000_b5cd146b_s0003
segment:0645d743861c,entity:2113d0c5f791,MENTIONS,无因论者,neutral,0,0,,无因论者说，心理现象的大部分，现在还不知道他们的原因。,1.0,唐钺_000_b5cd146b,唐钺_000_b5cd146b_s0003
segment:0645d743861c,entity:249e932e082a,MENTIONS,心理现象的大部分，现在还不知道他们的原因,neutral,0,0,,无因论者说，心理现象的大部分，现在还不知道他们的原因。,1.0,唐钺_000_b5cd146b,唐钺_000_b5cd146b_s0003
entity:2113d0c5f791,term:e851159c8674,RELATES_TO,主张,neutral,0.0,0.3,不适用,既然不知道，何以知他们一定有原因呢？,1.0,唐钺_000_b5cd146b,唐钺_000_b5cd146b_s0003
segment:0645d743861c,entity:2113d0c5f791,MENTIONS,无因论者,neutral,0,0,,既然不知道，何以知他们一定有原因呢？,1.0,唐钺_000_b5cd146b,唐钺_000_b5cd146b_s0003
segment:0645d743861c,term:e851159c8674,MENTIONS,既然不知道，何以知他们一定有原因呢？,neutral,0,0,,既然不知道，何以知他们一定有原因呢？,1.0,唐钺_000_b5cd146b,唐钺_000_b5cd146b_s0003
entity:6f60dd1dde5c,entity:2113d0c5f791,RELATES_TO,回应,negative,-0.8,0.7,逻辑反驳,我们可以回答他如下：心理现象的因果，当然是比物质现象的因果复杂得多。,1.0,唐钺_000_b5cd146b,唐钺_000_b5cd146b_s0003
segment:0645d743861c,entity:6f60dd1dde5c,MENTIONS,唐钺,neutral,0,0,,我们可以回答他如下：心理现象的因果，当然是比物质现象的因果复杂得多。,1.0,唐钺_000_b5cd146b,唐钺_000_b5cd146b_s0003
segment:0645d743861c,entity:2113d0c5f791,MENTIONS,无因论者,neutral,0,0,,我们可以回答他如下：心理现象的因果，当然是比物质现象的因果复杂得多。,1.0,唐钺_000_b5cd146b,唐钺_000_b5cd146b_s0003
entity:80f9a30c9c49,entity:87ff9fca8846,RELATES_TO,对比,neutral,0.0,0.3,不适用,心理现象的因果，当然是比物质现象的因果复杂得多。,1.0,唐钺_000_b5cd146b,唐钺_000_b5cd146b_s0003
segment:0645d743861c,entity:80f9a30c9c49,MENTIONS,心理现象的因果,neutral,0,0,,心理现象的因果，当然是比物质现象的因果复杂得多。,1.0,唐钺_000_b5cd146b,唐钺_000_b5cd146b_s0003
segment:0645d743861c,entity:87ff9fca8846,MENTIONS,物质现象的因果,neutral,0,0,,心理现象的因果，当然是比物质现象的因果复杂得多。,1.0,唐钺_000_b5cd146b,唐钺_000_b5cd146b_s0003
entity:f64233a82faa,entity:939a89d5340a,RELATES_TO,作为论据支持,negative,-0.5,0.5,不适用,物质界的因果，如瀑布喷沫，都有时不能推测，何况心理界的因果呢？,1.0,唐钺_000_b5cd146b,唐钺_000_b5cd146b_s0003
segment:0645d743861c,entity:f64233a82faa,MENTIONS,物质界的因果,neutral,0,0,,物质界的因果，如瀑布喷沫，都有时不能推测，何况心理界的因果呢？,1.0,唐钺_000_b5cd146b,唐钺_000_b5cd146b_s0003
segment:0645d743861c,entity:939a89d5340a,MENTIONS,心理界的因果,neutral,0,0,,物质界的因果，如瀑布喷沫，都有时不能推测，何况心理界的因果呢？,1.0,唐钺_000_b5cd146b,唐钺_000_b5cd146b_s0003
entity:6f60dd1dde5c,entity:2113d0c5f791,RELATES_TO,反驳,negative,-0.8,0.7,逻辑反驳,至于以为他们一定是无因的，一点根据都没有。,1.0,唐钺_000_b5cd146b,唐钺_000_b5cd146b_s0003
segment:0645d743861c,entity:6f60dd1dde5c,MENTIONS,唐钺,neutral,0,0,,至于以为他们一定是无因的，一点根据都没有。,1.0,唐钺_000_b5cd146b,唐钺_000_b5cd146b_s0003
segment:0645d743861c,entity:2113d0c5f791,MENTIONS,无因论者,neutral,0,0,,至于以为他们一定是无因的，一点根据都没有。,1.0,唐钺_000_b5cd146b,唐钺_000_b5cd146b_s0003
entity:2113d0c5f791,term:532af1741cd5,RELATES_TO,主张,neutral,0.0,0.3,不适用,他们又说，我们的直接经验，觉得他们是无因的。,1.0,唐钺_000_b5cd146b,唐钺_000_b5cd146b_s0003
segment:0645d743861c,entity:2113d0c5f791,MENTIONS,无因论者,neutral,0,0,,他们又说，我们的直接经验，觉得他们是无因的。,1.0,唐钺_000_b5cd146b,唐钺_000_b5cd146b_s0003
segment:0645d743861c,term:532af1741cd5,MENTIONS,我们的直接经验，觉得他们是无因的,neutral,0,0,,他们又说，我们的直接经验，觉得他们是无因的。,1.0,唐钺_000_b5cd146b,唐钺_000_b5cd146b_s0003
entity:2113d0c5f791,term:e241d6b4941b,RELATES_TO,主张,negative,-1.0,1.0,不适用,至于以为他们一定是无因的，一点根据都没有。,1.0,唐钺_000_b5cd146b,唐钺_000_b5cd146b_s0004
segment:607b140505f6,entity:2113d0c5f791,MENTIONS,无因论者,neutral,0,0,,至于以为他们一定是无因的，一点根据都没有。,1.0,唐钺_000_b5cd146b,唐钺_000_b5cd146b_s0004
segment:607b140505f6,term:e241d6b4941b,MENTIONS,心理现象一定是无因的,neutral,0,0,,至于以为他们一定是无因的，一点根据都没有。,1.0,唐钺_000_b5cd146b,唐钺_000_b5cd146b_s0004
entity:45306d2c74d9,entity:c3290e5df355,RELATES_TO,定义,neutral,0.0,0.5,概念澄清,所谓物质，不过是“常久的感觉的可能”。这是穆勒约翰所下的定义，是现代人普遍承认的。,1.0,唐钺_000_b5cd146b,唐钺_000_b5cd146b_s0004
segment:607b140505f6,entity:45306d2c74d9,MENTIONS,穆勒约翰,neutral,0,0,,所谓物质，不过是“常久的感觉的可能”。这是穆勒约翰所下的定义，是现代人普遍承认的。,1.0,唐钺_000_b5cd146b,唐钺_000_b5cd146b_s0004
segment:607b140505f6,entity:c3290e5df355,MENTIONS,物质,neutral,0,0,,所谓物质，不过是“常久的感觉的可能”。这是穆勒约翰所下的定义，是现代人普遍承认的。,1.0,唐钺_000_b5cd146b,唐钺_000_b5cd146b_s0004
entity:6f60dd1dde5c,entity:45306d2c74d9,RELATES_TO,相关,positive,1.0,0.8,援引权威支持,这是穆勒约翰所下的定义，是现代人普遍承认的。,1.0,唐钺_000_b5cd146b,唐钺_000_b5cd146b_s0004
segment:607b140505f6,entity:6f60dd1dde5c,MENTIONS,唐钺,neutral,0,0,,这是穆勒约翰所下的定义，是现代人普遍承认的。,1.0,唐钺_000_b5cd146b,唐钺_000_b5cd146b_s0004
segment:607b140505f6,entity:45306d2c74d9,MENTIONS,穆勒约翰,neutral,0,0,,这是穆勒约翰所下的定义，是现代人普遍承认的。,1.0,唐钺_000_b5cd146b,唐钺_000_b5cd146b_s0004
entity:c7180a2278a0,term:2017641a315e,RELATES_TO,证明,positive,1.0,0.8,不适用,近来爱因斯坦的相对论出来，更可以证明物质现象就是心理现象，不是死而固定的，比如风的方向速度是顷刻变化的，但是不能说他是没有因果可言；心理现象也是这样。,1.0,唐钺_000_b5cd146b,唐钺_000_b5cd146b_s0004
segment:607b140505f6,entity:c7180a2278a0,MENTIONS,爱因斯坦的相对论,neutral,0,0,,近来爱因斯坦的相对论出来，更可以证明物质现象就是心理现象，不是死而固定的，比如风的方向速度是顷刻变化的，但是不能说他是没有因果可言；心理现象也是这样。,1.0,唐钺_000_b5cd146b,唐钺_000_b5cd146b_s0004
segment:607b140505f6,term:2017641a315e,MENTIONS,物质现象就是心理现象，不是死而固定的,neutral,0,0,,近来爱因斯坦的相对论出来，更可以证明物质现象就是心理现象，不是死而固定的，比如风的方向速度是顷刻变化的，但是不能说他是没有因果可言；心理现象也是这样。,1.0,唐钺_000_b5cd146b,唐钺_000_b5cd146b_s0004
entity:df705c8a7412,entity:b3778655c6e1,RELATES_TO,反驳,negative,-0.8,0.8,概念澄清,杜里舒说：“以我观之，体验者乃断断续续的，而非永续的。故当比之于电光之烁闪，不得名曰河流。‘我有’、‘我体验’既为点的，则此断续势不能熔成一片，如不尽之江河。”所以他不容纳“意识之流”的用语。,1.0,唐钺_000_b5cd146b,唐钺_000_b5cd146b_s0004
segment:607b140505f6,entity:df705c8a7412,MENTIONS,杜里舒,neutral,0,0,,杜里舒说：“以我观之，体验者乃断断续续的，而非永续的。故当比之于电光之烁闪，不得名曰河流。‘我有’、‘我体验’既为点的，则此断续势不能熔成一片，如不尽之江河。”所以他不容纳“意识之流”的用语。,1.0,唐钺_000_b5cd146b,唐钺_000_b5cd146b_s0004
segment:607b140505f6,entity:b3778655c6e1,MENTIONS,意识之流,neutral,0,0,,杜里舒说：“以我观之，体验者乃断断续续的，而非永续的。故当比之于电光之烁闪，不得名曰河流。‘我有’、‘我体验’既为点的，则此断续势不能熔成一片，如不尽之江河。”所以他不容纳“意识之流”的用语。,1.0,唐钺_000_b5cd146b,唐钺_000_b5cd146b_s0004
entity:6f60dd1dde5c,entity:df705c8a7412,RELATES_TO,相关,positive,1.0,0.8,援引权威支持,杜氏在别地方与柏氏同意的很多，他的话当然不是门户之见。,1.0,唐钺_000_b5cd146b,唐钺_000_b5cd146b_s0004
segment:607b140505f6,entity:6f60dd1dde5c,MENTIONS,唐钺,neutral,0,0,,杜氏在别地方与柏氏同意的很多，他的话当然不是门户之见。,1.0,唐钺_000_b5cd146b,唐钺_000_b5cd146b_s0004
segment:607b140505f6,entity:df705c8a7412,MENTIONS,杜里舒,neutral,0,0,,杜氏在别地方与柏氏同意的很多，他的话当然不是门户之见。,1.0,唐钺_000_b5cd146b,唐钺_000_b5cd146b_s0004
entity:6f60dd1dde5c,entity:df705c8a7412,RELATES_TO,支持,positive,0.8,0.6,部分肯定,据我的经验，心理现象是断续无常的。,1.0,唐钺_000_b5cd146b,唐钺_000_b5cd146b_s0004
segment:607b140505f6,entity:6f60dd1dde5c,MENTIONS,唐钺,neutral,0,0,,据我的经验，心理现象是断续无常的。,1.0,唐钺_000_b5cd146b,唐钺_000_b5cd146b_s0004
segment:607b140505f6,entity:df705c8a7412,MENTIONS,杜里舒,neutral,0,0,,据我的经验，心理现象是断续无常的。,1.0,唐钺_000_b5cd146b,唐钺_000_b5cd146b_s0004
entity:d6683c699867,entity:b3778655c6e1,RELATES_TO,反对,negative,-0.5,0.5,概念澄清,所以他不容纳“意识之流”的用语。,0.9,唐钺_000_b5cd146b,唐钺_000_b5cd146b_s0005
segment:3e9af9d12de5,entity:d6683c699867,MENTIONS,杜氏,neutral,0,0,,所以他不容纳“意识之流”的用语。,0.9,唐钺_000_b5cd146b,唐钺_000_b5cd146b_s0005
segment:3e9af9d12de5,entity:b3778655c6e1,MENTIONS,意识之流,neutral,0,0,,所以他不容纳“意识之流”的用语。,0.9,唐钺_000_b5cd146b,唐钺_000_b5cd146b_s0005
term:444862b1d437,entity:d6683c699867,RELATES_TO,相关,positive,0.8,0.6,部分肯定,杜氏在别地方与柏氏同意的很多，他的话当然不是门户之见。,0.9,唐钺_000_b5cd146b,唐钺_000_b5cd146b_s0005
segment:3e9af9d12de5,term:444862b1d437,MENTIONS,作者,neutral,0,0,,杜氏在别地方与柏氏同意的很多，他的话当然不是门户之见。,0.9,唐钺_000_b5cd146b,唐钺_000_b5cd146b_s0005
segment:3e9af9d12de5,entity:d6683c699867,MENTIONS,杜氏,neutral,0,0,,杜氏在别地方与柏氏同意的很多，他的话当然不是门户之见。,0.9,唐钺_000_b5cd146b,唐钺_000_b5cd146b_s0005
term:444862b1d437,entity:adc01b1e0494,RELATES_TO,反驳,negative,-0.8,0.8,概念混淆批评,柏氏所谓纯粹绵延，或者是柏氏所见的“道”，断断不是我们凡夫所经验的心理现象了。,0.9,唐钺_000_b5cd146b,唐钺_000_b5cd146b_s0005
segment:3e9af9d12de5,term:444862b1d437,MENTIONS,作者,neutral,0,0,,柏氏所谓纯粹绵延，或者是柏氏所见的“道”，断断不是我们凡夫所经验的心理现象了。,0.9,唐钺_000_b5cd146b,唐钺_000_b5cd146b_s0005
segment:3e9af9d12de5,entity:adc01b1e0494,MENTIONS,柏格森,neutral,0,0,,柏氏所谓纯粹绵延，或者是柏氏所见的“道”，断断不是我们凡夫所经验的心理现象了。,0.9,唐钺_000_b5cd146b,唐钺_000_b5cd146b_s0005
entity:adc01b1e0494,term:e5ff19200e55,RELATES_TO,主张,negative,-0.5,0.5,不适用,心理现象既然没有同一的，自然没有因果可言。,0.9,唐钺_000_b5cd146b,唐钺_000_b5cd146b_s0005
segment:3e9af9d12de5,entity:adc01b1e0494,MENTIONS,柏格森,neutral,0,0,,心理现象既然没有同一的，自然没有因果可言。,0.9,唐钺_000_b5cd146b,唐钺_000_b5cd146b_s0005
segment:3e9af9d12de5,term:e5ff19200e55,MENTIONS,心理现象既然没有同一的，自然没有因果可言,neutral,0,0,,心理现象既然没有同一的，自然没有因果可言。,0.9,唐钺_000_b5cd146b,唐钺_000_b5cd146b_s0005
entity:fb6263603c93,entity:adc01b1e0494,RELATES_TO,反驳,negative,-0.8,0.7,逻辑反驳,这话罗素在《哲学中之科学的方法》的《因的观念》章中已经驳过了。,0.9,唐钺_000_b5cd146b,唐钺_000_b5cd146b_s0005
segment:3e9af9d12de5,entity:fb6263603c93,MENTIONS,罗素,neutral,0,0,,这话罗素在《哲学中之科学的方法》的《因的观念》章中已经驳过了。,0.9,唐钺_000_b5cd146b,唐钺_000_b5cd146b_s0005
segment:3e9af9d12de5,entity:adc01b1e0494,MENTIONS,柏格森,neutral,0,0,,这话罗素在《哲学中之科学的方法》的《因的观念》章中已经驳过了。,0.9,唐钺_000_b5cd146b,唐钺_000_b5cd146b_s0005
entity:097a3f954759,term:4e717ac8a9f2,RELATES_TO,主张,positive,1.0,0.7,不适用,还有许多事情，可以证明意志是有原因的。,0.9,唐钺_000_b5cd146b,唐钺_000_b5cd146b_s0008
segment:791b2148818a,entity:097a3f954759,MENTIONS,意志,neutral,0,0,,还有许多事情，可以证明意志是有原因的。,0.9,唐钺_000_b5cd146b,唐钺_000_b5cd146b_s0008
segment:791b2148818a,term:4e717ac8a9f2,MENTIONS,有原因的,neutral,0,0,,还有许多事情，可以证明意志是有原因的。,0.9,唐钺_000_b5cd146b,唐钺_000_b5cd146b_s0008
entity:2113d0c5f791,term:0a7721c546b7,RELATES_TO,主张,positive,0.5,0.5,不适用,就是无因论者也相信“内生活”，“精神修养”可以造成高尚的人格。,0.8,唐钺_000_b5cd146b,唐钺_000_b5cd146b_s0008
segment:791b2148818a,entity:2113d0c5f791,MENTIONS,无因论者,neutral,0,0,,就是无因论者也相信“内生活”，“精神修养”可以造成高尚的人格。,0.8,唐钺_000_b5cd146b,唐钺_000_b5cd146b_s0008
segment:791b2148818a,term:0a7721c546b7,MENTIONS,内生活、精神修养可以造成高尚的人格,neutral,0,0,,就是无因论者也相信“内生活”，“精神修养”可以造成高尚的人格。,0.8,唐钺_000_b5cd146b,唐钺_000_b5cd146b_s0008
term:444862b1d437,entity:2113d0c5f791,RELATES_TO,归谬,negative,-0.8,0.8,归谬,若是意志无因果可言，岂不是这些话都是迷信吗？岂不是孔、孟、释迦、耶稣及一切教育家都是无事自扰吗？,0.9,唐钺_000_b5cd146b,唐钺_000_b5cd146b_s0008
segment:791b2148818a,term:444862b1d437,MENTIONS,作者,neutral,0,0,,若是意志无因果可言，岂不是这些话都是迷信吗？岂不是孔、孟、释迦、耶稣及一切教育家都是无事自扰吗？,0.9,唐钺_000_b5cd146b,唐钺_000_b5cd146b_s0008
segment:791b2148818a,entity:2113d0c5f791,MENTIONS,无因论者,neutral,0,0,,若是意志无因果可言，岂不是这些话都是迷信吗？岂不是孔、孟、释迦、耶稣及一切教育家都是无事自扰吗？,0.9,唐钺_000_b5cd146b,唐钺_000_b5cd146b_s0008
entity:67821481a750,term:ec41e71289d6,RELATES_TO,定义,neutral,0.0,0.5,概念澄清,人生观不过是一个人对于世界万物同人类的态度，,0.9,唐钺_000_b5cd146b,唐钺_000_b5cd146b_s0008
segment:791b2148818a,entity:67821481a750,MENTIONS,人生观,neutral,0,0,,人生观不过是一个人对于世界万物同人类的态度，,0.9,唐钺_000_b5cd146b,唐钺_000_b5cd146b_s0008
segment:791b2148818a,term:ec41e71289d6,MENTIONS,一个人对于世界万物同人类的态度,neutral,0,0,,人生观不过是一个人对于世界万物同人类的态度，,0.9,唐钺_000_b5cd146b,唐钺_000_b5cd146b_s0008
entity:67821481a750,term:ea2912ccff48,RELATES_TO,归因于,positive,1.0,0.7,不适用,这种态度是随着一个人神经构造、经验、知识等而变的。神经构造等就是人生观之因。,0.9,唐钺_000_b5cd146b,唐钺_000_b5cd146b_s0008
segment:791b2148818a,entity:67821481a750,MENTIONS,人生观,neutral,0,0,,这种态度是随着一个人神经构造、经验、知识等而变的。神经构造等就是人生观之因。,0.9,唐钺_000_b5cd146b,唐钺_000_b5cd146b_s0008
segment:791b2148818a,term:ea2912ccff48,MENTIONS,神经构造、经验、知识等,neutral,0,0,,这种态度是随着一个人神经构造、经验、知识等而变的。神经构造等就是人生观之因。,0.9,唐钺_000_b5cd146b,唐钺_000_b5cd146b_s0008
entity:2113d0c5f791,term:0c2b35e99060,RELATES_TO,主张,positive,0.5,0.5,不适用,无因论者以为叔本华、哈德门的人生观是直觉的，,0.9,唐钺_000_b5cd146b,唐钺_000_b5cd146b_s0008
segment:791b2148818a,entity:2113d0c5f791,MENTIONS,无因论者,neutral,0,0,,无因论者以为叔本华、哈德门的人生观是直觉的，,0.9,唐钺_000_b5cd146b,唐钺_000_b5cd146b_s0008
segment:791b2148818a,term:0c2b35e99060,MENTIONS,叔本华、哈德门的人生观是直觉的,neutral,0,0,,无因论者以为叔本华、哈德门的人生观是直觉的，,0.9,唐钺_000_b5cd146b,唐钺_000_b5cd146b_s0008
entity:396474728a49,term:65428c3cf034,RELATES_TO,主张,positive,0.5,0.5,不适用,他们都说根据经验阅历而来的。,0.8,唐钺_000_b5cd146b,唐钺_000_b5cd146b_s0008
segment:791b2148818a,entity:396474728a49,MENTIONS,叔本华,neutral,0,0,,他们都说根据经验阅历而来的。,0.8,唐钺_000_b5cd146b,唐钺_000_b5cd146b_s0008
segment:791b2148818a,term:65428c3cf034,MENTIONS,根据经验阅历而来的,neutral,0,0,,他们都说根据经验阅历而来的。,0.8,唐钺_000_b5cd146b,唐钺_000_b5cd146b_s0008
entity:56cfd8ef4b86,term:d2a79608a6d5,RELATES_TO,主张,positive,0.5,0.5,不适用,哈德门还要说他的哲学是从归纳法得来的。,0.8,唐钺_000_b5cd146b,唐钺_000_b5cd146b_s0008
segment:791b2148818a,entity:56cfd8ef4b86,MENTIONS,哈德门,neutral,0,0,,哈德门还要说他的哲学是从归纳法得来的。,0.8,唐钺_000_b5cd146b,唐钺_000_b5cd146b_s0008
segment:791b2148818a,term:d2a79608a6d5,MENTIONS,他的哲学是从归纳法得来的,neutral,0,0,,哈德门还要说他的哲学是从归纳法得来的。,0.8,唐钺_000_b5cd146b,唐钺_000_b5cd146b_s0008
entity:67821481a750,entity:83f2688085fe,RELATES_TO,归因于,positive,1.0,0.7,不适用,人生观是因知识而变的。,0.9,唐钺_000_b5cd146b,唐钺_000_b5cd146b_s0008
segment:791b2148818a,entity:67821481a750,MENTIONS,人生观,neutral,0,0,,人生观是因知识而变的。,0.9,唐钺_000_b5cd146b,唐钺_000_b5cd146b_s0008
segment:791b2148818a,entity:83f2688085fe,MENTIONS,知识,neutral,0,0,,人生观是因知识而变的。,0.9,唐钺_000_b5cd146b,唐钺_000_b5cd146b_s0008
entity:3868a7d042bc,term:495cecf54fb4,RELATES_TO,导致,positive,1.0,0.8,不适用,例如，柯白尼太阳居中说，同后来的达尔文的人猿同祖说发明以后，世界人类的人生观起绝大变动；,0.9,唐钺_000_b5cd146b,唐钺_000_b5cd146b_s0008
segment:791b2148818a,entity:3868a7d042bc,MENTIONS,柯白尼太阳居中说,neutral,0,0,,例如，柯白尼太阳居中说，同后来的达尔文的人猿同祖说发明以后，世界人类的人生观起绝大变动；,0.9,唐钺_000_b5cd146b,唐钺_000_b5cd146b_s0008
segment:791b2148818a,term:495cecf54fb4,MENTIONS,世界人类的人生观起绝大变动,neutral,0,0,,例如，柯白尼太阳居中说，同后来的达尔文的人猿同祖说发明以后，世界人类的人生观起绝大变动；,0.9,唐钺_000_b5cd146b,唐钺_000_b5cd146b_s0008
entity:234fb9d03b1e,term:495cecf54fb4,RELATES_TO,导致,positive,1.0,0.8,不适用,例如，柯白尼太阳居中说，同后来的达尔文的人猿同祖说发明以后，世界人类的人生观起绝大变动；,0.9,唐钺_000_b5cd146b,唐钺_000_b5cd146b_s0008
segment:791b2148818a,entity:234fb9d03b1e,MENTIONS,达尔文的人猿同祖说,neutral,0,0,,例如，柯白尼太阳居中说，同后来的达尔文的人猿同祖说发明以后，世界人类的人生观起绝大变动；,0.9,唐钺_000_b5cd146b,唐钺_000_b5cd146b_s0008
segment:791b2148818a,term:495cecf54fb4,MENTIONS,世界人类的人生观起绝大变动,neutral,0,0,,例如，柯白尼太阳居中说，同后来的达尔文的人猿同祖说发明以后，世界人类的人生观起绝大变动；,0.9,唐钺_000_b5cd146b,唐钺_000_b5cd146b_s0008
entity:63c29ace08fb,entity:bca576e8a0d3,RELATES_TO,对比,neutral,0.0,0.3,不适用,本公例，是比在自然界难些。,0.9,唐钺_000_b5cd146b,唐钺_000_b5cd146b_s0010
segment:60c41feca7a6,entity:63c29ace08fb,MENTIONS,本公例,neutral,0,0,,本公例，是比在自然界难些。,0.9,唐钺_000_b5cd146b,唐钺_000_b5cd146b_s0010
segment:60c41feca7a6,entity:bca576e8a0d3,MENTIONS,自然界,neutral,0,0,,本公例，是比在自然界难些。,0.9,唐钺_000_b5cd146b,唐钺_000_b5cd146b_s0010
entity:5234540365e3,entity:b0d710e5a1b6,RELATES_TO,包含,positive,1.0,0.8,不适用,心理界有如此的一律性，是无可疑的。,0.9,唐钺_000_b5cd146b,唐钺_000_b5cd146b_s0010
segment:60c41feca7a6,entity:5234540365e3,MENTIONS,心理界,neutral,0,0,,心理界有如此的一律性，是无可疑的。,0.9,唐钺_000_b5cd146b,唐钺_000_b5cd146b_s0010
segment:60c41feca7a6,entity:b0d710e5a1b6,MENTIONS,一律性,neutral,0,0,,心理界有如此的一律性，是无可疑的。,0.9,唐钺_000_b5cd146b,唐钺_000_b5cd146b_s0010
entity:700d9a374d77,entity:f32682993745,RELATES_TO,区分,positive,1.0,0.7,概念澄清,自由与得正当了解的因果性，完全没有冲突的；自由不是超越法律的支配。,0.9,唐钺_000_b5cd146b,唐钺_000_b5cd146b_s0010
segment:60c41feca7a6,entity:700d9a374d77,MENTIONS,自由,neutral,0,0,,自由与得正当了解的因果性，完全没有冲突的；自由不是超越法律的支配。,0.9,唐钺_000_b5cd146b,唐钺_000_b5cd146b_s0010
segment:60c41feca7a6,entity:f32682993745,MENTIONS,因果性,neutral,0,0,,自由与得正当了解的因果性，完全没有冲突的；自由不是超越法律的支配。,0.9,唐钺_000_b5cd146b,唐钺_000_b5cd146b_s0010
entity:0f624a869c61,entity:0ccb2bf0514f,RELATES_TO,相关,negative,-0.5,0.5,一般批评,伦理学对于一种内生活的自由，等于无定律无条贯的，实在没有趣味。,0.9,唐钺_000_b5cd146b,唐钺_000_b5cd146b_s0010
segment:60c41feca7a6,entity:0f624a869c61,MENTIONS,伦理学,neutral,0,0,,伦理学对于一种内生活的自由，等于无定律无条贯的，实在没有趣味。,0.9,唐钺_000_b5cd146b,唐钺_000_b5cd146b_s0010
segment:60c41feca7a6,entity:0ccb2bf0514f,MENTIONS,内生活,neutral,0,0,,伦理学对于一种内生活的自由，等于无定律无条贯的，实在没有趣味。,0.9,唐钺_000_b5cd146b,唐钺_000_b5cd146b_s0010
entity:097a3f954759,entity:fdc90fe7b568,RELATES_TO,导致,negative,-1.0,0.9,不适用,绝对不相连系的元素，与过去未来没有因果关系的孤立的意志，假如真有，就是意志的错乱；不！就是心灵生活的完全破坏。,0.9,唐钺_000_b5cd146b,唐钺_000_b5cd146b_s0010
segment:60c41feca7a6,entity:097a3f954759,MENTIONS,意志,neutral,0,0,,绝对不相连系的元素，与过去未来没有因果关系的孤立的意志，假如真有，就是意志的错乱；不！就是心灵生活的完全破坏。,0.9,唐钺_000_b5cd146b,唐钺_000_b5cd146b_s0010
segment:60c41feca7a6,entity:fdc90fe7b568,MENTIONS,心灵生活,neutral,0,0,,绝对不相连系的元素，与过去未来没有因果关系的孤立的意志，假如真有，就是意志的错乱；不！就是心灵生活的完全破坏。,0.9,唐钺_000_b5cd146b,唐钺_000_b5cd146b_s0010
term:ac3282b38c40,term:b5bd6cc5c496,RELATES_TO,导致,negative,-1.0,0.8,不适用,假如后事一点儿不为前事所决定，那末当然不能有练习与经验这种的事情，主义与决心，教育与公共制度，也没有效力。,0.9,唐钺_000_b5cd146b,唐钺_000_b5cd146b_s0010
segment:60c41feca7a6,term:ac3282b38c40,MENTIONS,后事,neutral,0,0,,假如后事一点儿不为前事所决定，那末当然不能有练习与经验这种的事情，主义与决心，教育与公共制度，也没有效力。,0.9,唐钺_000_b5cd146b,唐钺_000_b5cd146b_s0010
segment:60c41feca7a6,term:b5bd6cc5c496,MENTIONS,练习与经验,neutral,0,0,,假如后事一点儿不为前事所决定，那末当然不能有练习与经验这种的事情，主义与决心，教育与公共制度，也没有效力。,0.9,唐钺_000_b5cd146b,唐钺_000_b5cd146b_s0010
entity:f32682993745,entity:05c5779ad51b,RELATES_TO,导致,positive,1.0,0.9,不适用,没有因果性，就没有目的性。,0.9,唐钺_000_b5cd146b,唐钺_000_b5cd146b_s0010
segment:60c41feca7a6,entity:f32682993745,MENTIONS,因果性,neutral,0,0,,没有因果性，就没有目的性。,0.9,唐钺_000_b5cd146b,唐钺_000_b5cd146b_s0010
segment:60c41feca7a6,entity:05c5779ad51b,MENTIONS,目的性,neutral,0,0,,没有因果性，就没有目的性。,0.9,唐钺_000_b5cd146b,唐钺_000_b5cd146b_s0010
entity:a252ef6e0c94,entity:9956843ff688,RELATES_TO,定义,positive,0.5,0.3,概念澄清,任公所定的国际法里头已经有了，就是，辩论须紧切本题，不要旁涉枝叶,0.8,唐钺_001_c4e36ba4,唐钺_001_c4e36ba4_s0002
segment:c520a85b04c5,entity:a252ef6e0c94,MENTIONS,梁启超,neutral,0,0,,任公所定的国际法里头已经有了，就是，辩论须紧切本题，不要旁涉枝叶,0.8,唐钺_001_c4e36ba4,唐钺_001_c4e36ba4_s0002
segment:c520a85b04c5,entity:9956843ff688,MENTIONS,题目应负的责任,neutral,0,0,,任公所定的国际法里头已经有了，就是，辩论须紧切本题，不要旁涉枝叶,0.8,唐钺_001_c4e36ba4,唐钺_001_c4e36ba4_s0002
entity:fe901cfcc616,term:33336343584f,RELATES_TO,相关,negative,-0.5,0.4,一般批评,君劢的讲演，范围已经广泛,0.9,唐钺_001_c4e36ba4,唐钺_001_c4e36ba4_s0002
segment:c520a85b04c5,entity:fe901cfcc616,MENTIONS,张君劢,neutral,0,0,,君劢的讲演，范围已经广泛,0.9,唐钺_001_c4e36ba4,唐钺_001_c4e36ba4_s0002
segment:c520a85b04c5,term:33336343584f,MENTIONS,君劢的讲演，范围已经广泛,neutral,0,0,,君劢的讲演，范围已经广泛,0.9,唐钺_001_c4e36ba4,唐钺_001_c4e36ba4_s0002
entity:0bacf98593d1,term:70b64c68ea7f,RELATES_TO,相关,negative,-0.3,0.3,一般批评,在君又把他稍微放大些,0.9,唐钺_001_c4e36ba4,唐钺_001_c4e36ba4_s0002
segment:c520a85b04c5,entity:0bacf98593d1,MENTIONS,丁文江,neutral,0,0,,在君又把他稍微放大些,0.9,唐钺_001_c4e36ba4,唐钺_001_c4e36ba4_s0002
segment:c520a85b04c5,term:70b64c68ea7f,MENTIONS,在君又把他稍微放大些,neutral,0,0,,在君又把他稍微放大些,0.9,唐钺_001_c4e36ba4,唐钺_001_c4e36ba4_s0002
entity:fe901cfcc616,term:2495e09462eb,RELATES_TO,相关,negative,-0.7,0.6,一般批评,到了君劢的答复，竟放大了好几倍,0.9,唐钺_001_c4e36ba4,唐钺_001_c4e36ba4_s0002
segment:c520a85b04c5,entity:fe901cfcc616,MENTIONS,张君劢,neutral,0,0,,到了君劢的答复，竟放大了好几倍,0.9,唐钺_001_c4e36ba4,唐钺_001_c4e36ba4_s0002
segment:c520a85b04c5,term:2495e09462eb,MENTIONS,到了君劢的答复，竟放大了好几倍,neutral,0,0,,到了君劢的答复，竟放大了好几倍,0.9,唐钺_001_c4e36ba4,唐钺_001_c4e36ba4_s0002
entity:e867d428ff3f,term:5d552f63b48c,RELATES_TO,相关,positive,0.8,0.5,部分肯定,我觉得林先生的分题，条理很好,0.9,唐钺_001_c4e36ba4,唐钺_001_c4e36ba4_s0002
segment:c520a85b04c5,entity:e867d428ff3f,MENTIONS,林宰平先生,neutral,0,0,,我觉得林先生的分题，条理很好,0.9,唐钺_001_c4e36ba4,唐钺_001_c4e36ba4_s0002
segment:c520a85b04c5,term:5d552f63b48c,MENTIONS,林先生的分题，条理很好,neutral,0,0,,我觉得林先生的分题，条理很好,0.9,唐钺_001_c4e36ba4,唐钺_001_c4e36ba4_s0002
entity:6f60dd1dde5c,term:c60a4053606f,RELATES_TO,主张,positive,1.0,0.7,不适用,我希望以后的论争者极力缩小范围,0.9,唐钺_001_c4e36ba4,唐钺_001_c4e36ba4_s0002
segment:c520a85b04c5,entity:6f60dd1dde5c,MENTIONS,唐钺,neutral,0,0,,我希望以后的论争者极力缩小范围,0.9,唐钺_001_c4e36ba4,唐钺_001_c4e36ba4_s0002
segment:c520a85b04c5,term:c60a4053606f,MENTIONS,我希望以后的论争者极力缩小范围,neutral,0,0,,我希望以后的论争者极力缩小范围,0.9,唐钺_001_c4e36ba4,唐钺_001_c4e36ba4_s0002
term:fe0f33333579,term:300637a463fd,RELATES_TO,导致,positive,0.5,0.4,不适用,因为问题的范围小，则讨论时不至发生误会；因之，真理容易发见,0.9,唐钺_001_c4e36ba4,唐钺_001_c4e36ba4_s0002
segment:c520a85b04c5,term:fe0f33333579,MENTIONS,问题的范围小,neutral,0,0,,因为问题的范围小，则讨论时不至发生误会；因之，真理容易发见,0.9,唐钺_001_c4e36ba4,唐钺_001_c4e36ba4_s0002
segment:c520a85b04c5,term:300637a463fd,MENTIONS,讨论时不至发生误会,neutral,0,0,,因为问题的范围小，则讨论时不至发生误会；因之，真理容易发见,0.9,唐钺_001_c4e36ba4,唐钺_001_c4e36ba4_s0002
term:300637a463fd,term:22c6f97ba146,RELATES_TO,导致,positive,0.5,0.4,不适用,因为问题的范围小，则讨论时不至发生误会；因之，真理容易发见,0.9,唐钺_001_c4e36ba4,唐钺_001_c4e36ba4_s0002
segment:c520a85b04c5,term:300637a463fd,MENTIONS,讨论时不至发生误会,neutral,0,0,,因为问题的范围小，则讨论时不至发生误会；因之，真理容易发见,0.9,唐钺_001_c4e36ba4,唐钺_001_c4e36ba4_s0002
segment:c520a85b04c5,term:22c6f97ba146,MENTIONS,真理容易发见,neutral,0,0,,因为问题的范围小，则讨论时不至发生误会；因之，真理容易发见,0.9,唐钺_001_c4e36ba4,唐钺_001_c4e36ba4_s0002
entity:6f60dd1dde5c,term:5c18824cd984,RELATES_TO,主张,positive,1.0,0.6,不适用,对于题目应负的第二责任，是话不要说得过火,0.9,唐钺_001_c4e36ba4,唐钺_001_c4e36ba4_s0002
segment:c520a85b04c5,entity:6f60dd1dde5c,MENTIONS,唐钺,neutral,0,0,,对于题目应负的第二责任，是话不要说得过火,0.9,唐钺_001_c4e36ba4,唐钺_001_c4e36ba4_s0002
segment:c520a85b04c5,term:5c18824cd984,MENTIONS,话不要说得过火,neutral,0,0,,对于题目应负的第二责任，是话不要说得过火,0.9,唐钺_001_c4e36ba4,唐钺_001_c4e36ba4_s0002
term:ac5f22b1b140,entity:0a5d9170d332,RELATES_TO,批评,negative,-0.5,0.5,概念混淆批评,遇着学哲学者“无风起浪”来同科学寻事时,0.9,唐钺_001_c4e36ba4,唐钺_001_c4e36ba4_s0004
segment:972f03c027c0,term:ac5f22b1b140,MENTIONS,学哲学者,neutral,0,0,,遇着学哲学者“无风起浪”来同科学寻事时,0.9,唐钺_001_c4e36ba4,唐钺_001_c4e36ba4_s0004
segment:972f03c027c0,entity:0a5d9170d332,MENTIONS,科学,neutral,0,0,,遇着学哲学者“无风起浪”来同科学寻事时,0.9,唐钺_001_c4e36ba4,唐钺_001_c4e36ba4_s0004
term:444862b1d437,term:408be85a654c,RELATES_TO,相关,mixed,0.0,0.4,部分肯定,君劢和在君虽然是中国学术界中的“命妇”，但是，我想他们也不至期望国中读者对于他们的话一味随声附和,0.9,唐钺_001_c4e36ba4,唐钺_001_c4e36ba4_s0004
segment:972f03c027c0,term:444862b1d437,MENTIONS,作者,neutral,0,0,,君劢和在君虽然是中国学术界中的“命妇”，但是，我想他们也不至期望国中读者对于他们的话一味随声附和,0.9,唐钺_001_c4e36ba4,唐钺_001_c4e36ba4_s0004
segment:972f03c027c0,term:408be85a654c,MENTIONS,君劢和在君,neutral,0,0,,君劢和在君虽然是中国学术界中的“命妇”，但是，我想他们也不至期望国中读者对于他们的话一味随声附和,0.9,唐钺_001_c4e36ba4,唐钺_001_c4e36ba4_s0004
term:444862b1d437,entity:786fb6544d70,RELATES_TO,批评,negative,-0.7,0.6,一般批评,至于东荪先生的“如蒙赐教，恕不答复”的态度，我的浅见以为不是顶正当的,0.9,唐钺_001_c4e36ba4,唐钺_001_c4e36ba4_s0004
segment:972f03c027c0,term:444862b1d437,MENTIONS,作者,neutral,0,0,,至于东荪先生的“如蒙赐教，恕不答复”的态度，我的浅见以为不是顶正当的,0.9,唐钺_001_c4e36ba4,唐钺_001_c4e36ba4_s0004
segment:972f03c027c0,entity:786fb6544d70,MENTIONS,东荪先生,neutral,0,0,,至于东荪先生的“如蒙赐教，恕不答复”的态度，我的浅见以为不是顶正当的,0.9,唐钺_001_c4e36ba4,唐钺_001_c4e36ba4_s0004
term:444862b1d437,term:96d4f79834c9,RELATES_TO,相关,mixed,0.0,0.3,混合评价,这固然是很好，但是，也不免有坏处,0.9,唐钺_001_c4e36ba4,唐钺_001_c4e36ba4_s0004
segment:972f03c027c0,term:444862b1d437,MENTIONS,作者,neutral,0,0,,这固然是很好，但是，也不免有坏处,0.9,唐钺_001_c4e36ba4,唐钺_001_c4e36ba4_s0004
segment:972f03c027c0,term:96d4f79834c9,MENTIONS,日报周刊兼担责任,neutral,0,0,,这固然是很好，但是，也不免有坏处,0.9,唐钺_001_c4e36ba4,唐钺_001_c4e36ba4_s0004
entity:6f60dd1dde5c,entity:5e546fdc627e,RELATES_TO,批评,positive,0.5,0.5,概念澄清,就是一时不能完全分析美感，但却不可不用分析方法来驾驭他。,0.9,唐钺_002_5e996979,唐钺_002_5e996979_s0003
segment:7183b22296f4,entity:6f60dd1dde5c,MENTIONS,唐钺,neutral,0,0,,就是一时不能完全分析美感，但却不可不用分析方法来驾驭他。,0.9,唐钺_002_5e996979,唐钺_002_5e996979_s0003
segment:7183b22296f4,entity:5e546fdc627e,MENTIONS,美感,neutral,0,0,,就是一时不能完全分析美感，但却不可不用分析方法来驾驭他。,0.9,唐钺_002_5e996979,唐钺_002_5e996979_s0003
entity:6f60dd1dde5c,entity:75a674f027b9,RELATES_TO,批评,negative,-0.8,0.7,一般批评,因为用所谓“直觉”，“综合”等方法，是无结果的。,0.9,唐钺_002_5e996979,唐钺_002_5e996979_s0003
segment:7183b22296f4,entity:6f60dd1dde5c,MENTIONS,唐钺,neutral,0,0,,因为用所谓“直觉”，“综合”等方法，是无结果的。,0.9,唐钺_002_5e996979,唐钺_002_5e996979_s0003
segment:7183b22296f4,entity:75a674f027b9,MENTIONS,直觉,neutral,0,0,,因为用所谓“直觉”，“综合”等方法，是无结果的。,0.9,唐钺_002_5e996979,唐钺_002_5e996979_s0003
entity:6f60dd1dde5c,entity:2bd1fea21b82,RELATES_TO,批评,negative,-0.8,0.7,一般批评,因为用所谓“直觉”，“综合”等方法，是无结果的。,0.9,唐钺_002_5e996979,唐钺_002_5e996979_s0003
segment:7183b22296f4,entity:6f60dd1dde5c,MENTIONS,唐钺,neutral,0,0,,因为用所谓“直觉”，“综合”等方法，是无结果的。,0.9,唐钺_002_5e996979,唐钺_002_5e996979_s0003
segment:7183b22296f4,entity:2bd1fea21b82,MENTIONS,综合,neutral,0,0,,因为用所谓“直觉”，“综合”等方法，是无结果的。,0.9,唐钺_002_5e996979,唐钺_002_5e996979_s0003
entity:9870d2d1c701,term:ccc314959729,RELATES_TO,作为论据支持,positive,0.7,0.5,,譬如杜甫的诗，用分析的方法，如《杜工部诗话》所采集来的材料中一部分，虽然不精密，还有可以使人了悟的地方。,0.9,唐钺_002_5e996979,唐钺_002_5e996979_s0003
segment:7183b22296f4,entity:9870d2d1c701,MENTIONS,分析的方法,neutral,0,0,,譬如杜甫的诗，用分析的方法，如《杜工部诗话》所采集来的材料中一部分，虽然不精密，还有可以使人了悟的地方。,0.9,唐钺_002_5e996979,唐钺_002_5e996979_s0003
segment:7183b22296f4,term:ccc314959729,MENTIONS,了悟,neutral,0,0,,譬如杜甫的诗，用分析的方法，如《杜工部诗话》所采集来的材料中一部分，虽然不精密，还有可以使人了悟的地方。,0.9,唐钺_002_5e996979,唐钺_002_5e996979_s0003
entity:6f60dd1dde5c,entity:8cbaf5adae62,RELATES_TO,批评,negative,-0.9,0.8,归谬,若不用分析法，简直一天到晚说他怎样沉郁，怎样浑雄，岂不是越说越糊涂了吗？,0.9,唐钺_002_5e996979,唐钺_002_5e996979_s0003
segment:7183b22296f4,entity:6f60dd1dde5c,MENTIONS,唐钺,neutral,0,0,,若不用分析法，简直一天到晚说他怎样沉郁，怎样浑雄，岂不是越说越糊涂了吗？,0.9,唐钺_002_5e996979,唐钺_002_5e996979_s0003
segment:7183b22296f4,entity:8cbaf5adae62,MENTIONS,沉郁,neutral,0,0,,若不用分析法，简直一天到晚说他怎样沉郁，怎样浑雄，岂不是越说越糊涂了吗？,0.9,唐钺_002_5e996979,唐钺_002_5e996979_s0003
entity:6f60dd1dde5c,entity:52b209494e1b,RELATES_TO,批评,negative,-0.9,0.8,归谬,若不用分析法，简直一天到晚说他怎样沉郁，怎样浑雄，岂不是越说越糊涂了吗？,0.9,唐钺_002_5e996979,唐钺_002_5e996979_s0003
segment:7183b22296f4,entity:6f60dd1dde5c,MENTIONS,唐钺,neutral,0,0,,若不用分析法，简直一天到晚说他怎样沉郁，怎样浑雄，岂不是越说越糊涂了吗？,0.9,唐钺_002_5e996979,唐钺_002_5e996979_s0003
segment:7183b22296f4,entity:52b209494e1b,MENTIONS,浑雄,neutral,0,0,,若不用分析法，简直一天到晚说他怎样沉郁，怎样浑雄，岂不是越说越糊涂了吗？,0.9,唐钺_002_5e996979,唐钺_002_5e996979_s0003
entity:e107b1922416,entity:7f00d2c725ae,RELATES_TO,对比,neutral,0.0,0.3,,我们知道野蛮人同小孩常常喜欢浓艳眩目的颜色，如深红，浓绿等，而且不管他们怎样配合。至于受过陶冶的人就喜欢“清微淡远”的颜色——如青，紫，及浅红，淡黄之类——并且注意他们的配合。,0.9,唐钺_002_5e996979,唐钺_002_5e996979_s0003
segment:7183b22296f4,entity:e107b1922416,MENTIONS,野蛮人,neutral,0,0,,我们知道野蛮人同小孩常常喜欢浓艳眩目的颜色，如深红，浓绿等，而且不管他们怎样配合。至于受过陶冶的人就喜欢“清微淡远”的颜色——如青，紫，及浅红，淡黄之类——并且注意他们的配合。,0.9,唐钺_002_5e996979,唐钺_002_5e996979_s0003
segment:7183b22296f4,entity:7f00d2c725ae,MENTIONS,受过陶冶的人,neutral,0,0,,我们知道野蛮人同小孩常常喜欢浓艳眩目的颜色，如深红，浓绿等，而且不管他们怎样配合。至于受过陶冶的人就喜欢“清微淡远”的颜色——如青，紫，及浅红，淡黄之类——并且注意他们的配合。,0.9,唐钺_002_5e996979,唐钺_002_5e996979_s0003
entity:1650d5335fe8,entity:ad791fead60a,RELATES_TO,推出,positive,0.8,0.6,,这可见美不是超乎理智的东西，美感是随理智的进步而变化的。,0.9,唐钺_002_5e996979,唐钺_002_5e996979_s0003
segment:7183b22296f4,entity:1650d5335fe8,MENTIONS,美不是超乎理智的东西,neutral,0,0,,这可见美不是超乎理智的东西，美感是随理智的进步而变化的。,0.9,唐钺_002_5e996979,唐钺_002_5e996979_s0003
segment:7183b22296f4,entity:ad791fead60a,MENTIONS,美感是随理智的进步而变化的,neutral,0,0,,这可见美不是超乎理智的东西，美感是随理智的进步而变化的。,0.9,唐钺_002_5e996979,唐钺_002_5e996979_s0003
entity:055bf529cea9,entity:bc849a72cc52,RELATES_TO,属于,neutral,0.0,0.3,,其不可分析的部分，就是美的直接经验的性质；那是科学的起点，而且理智事项也都有这种不可分析的起点的。,0.9,唐钺_002_5e996979,唐钺_002_5e996979_s0003
segment:7183b22296f4,entity:055bf529cea9,MENTIONS,美的直接经验的性质,neutral,0,0,,其不可分析的部分，就是美的直接经验的性质；那是科学的起点，而且理智事项也都有这种不可分析的起点的。,0.9,唐钺_002_5e996979,唐钺_002_5e996979_s0003
segment:7183b22296f4,entity:bc849a72cc52,MENTIONS,科学的起点,neutral,0,0,,其不可分析的部分，就是美的直接经验的性质；那是科学的起点，而且理智事项也都有这种不可分析的起点的。,0.9,唐钺_002_5e996979,唐钺_002_5e996979_s0003
entity:b2f51af42ceb,term:de79809ffe72,RELATES_TO,定义,neutral,0.0,0.3,概念澄清,这种起点，就是所谓“所与性”。,0.9,唐钺_002_5e996979,唐钺_002_5e996979_s0003
segment:7183b22296f4,entity:b2f51af42ceb,MENTIONS,所与性,neutral,0,0,,这种起点，就是所谓“所与性”。,0.9,唐钺_002_5e996979,唐钺_002_5e996979_s0003
segment:7183b22296f4,term:de79809ffe72,MENTIONS,这种起点,neutral,0,0,,这种起点，就是所谓“所与性”。,0.9,唐钺_002_5e996979,唐钺_002_5e996979_s0003
entity:6f60dd1dde5c,entity:a252ef6e0c94,RELATES_TO,回应,negative,-0.6,0.5,一般批评,任公由美说到爱，他的浪漫的笔锋更起劲了。,0.9,唐钺_002_5e996979,唐钺_002_5e996979_s0003
segment:7183b22296f4,entity:6f60dd1dde5c,MENTIONS,唐钺,neutral,0,0,,任公由美说到爱，他的浪漫的笔锋更起劲了。,0.9,唐钺_002_5e996979,唐钺_002_5e996979_s0003
segment:7183b22296f4,entity:a252ef6e0c94,MENTIONS,梁启超,neutral,0,0,,任公由美说到爱，他的浪漫的笔锋更起劲了。,0.9,唐钺_002_5e996979,唐钺_002_5e996979_s0003
entity:a252ef6e0c94,term:c7f90e3ce898,RELATES_TO,主张,negative,-0.5,0.5,,他说：“至于‘爱’，那更‘玄之又玄’了。”,0.9,唐钺_002_5e996979,唐钺_002_5e996979_s0003
segment:7183b22296f4,entity:a252ef6e0c94,MENTIONS,梁启超,neutral,0,0,,他说：“至于‘爱’，那更‘玄之又玄’了。”,0.9,唐钺_002_5e996979,唐钺_002_5e996979_s0003
segment:7183b22296f4,term:c7f90e3ce898,MENTIONS,至于“爱”，那更“玄之又玄”了。,neutral,0,0,,他说：“至于‘爱’，那更‘玄之又玄’了。”,0.9,唐钺_002_5e996979,唐钺_002_5e996979_s0003
entity:a252ef6e0c94,term:d946a60bff46,RELATES_TO,主张,negative,-0.8,0.7,,假令有两位青年男女相约为“科学的恋爱”，岂不令人喷饭？,0.9,唐钺_002_5e996979,唐钺_002_5e996979_s0003
segment:7183b22296f4,entity:a252ef6e0c94,MENTIONS,梁启超,neutral,0,0,,假令有两位青年男女相约为“科学的恋爱”，岂不令人喷饭？,0.9,唐钺_002_5e996979,唐钺_002_5e996979_s0003
segment:7183b22296f4,term:d946a60bff46,MENTIONS,假令有两位青年男女相约为“科学的恋爱”，岂不令人喷饭？,neutral,0,0,,假令有两位青年男女相约为“科学的恋爱”，岂不令人喷饭？,0.9,唐钺_002_5e996979,唐钺_002_5e996979_s0003
term:444862b1d437,entity:b5972132c7fe,RELATES_TO,相关,positive,0.5,0.3,部分肯定,康氏的为人不必论，但是这一点却不是他的坏处,1.0,唐钺_002_5e996979,唐钺_002_5e996979_s0006
segment:ad17e87804ab,term:444862b1d437,MENTIONS,作者,neutral,0,0,,康氏的为人不必论，但是这一点却不是他的坏处,1.0,唐钺_002_5e996979,唐钺_002_5e996979_s0006
segment:ad17e87804ab,entity:b5972132c7fe,MENTIONS,康有为,neutral,0,0,,康氏的为人不必论，但是这一点却不是他的坏处,1.0,唐钺_002_5e996979,唐钺_002_5e996979_s0006
term:444862b1d437,entity:09450634a634,RELATES_TO,相关,negative,-0.8,0.7,一般批评,田横岛上五百人的自杀，动机无可取，方法更无论，岂可看做极优的人生观？,1.0,唐钺_002_5e996979,唐钺_002_5e996979_s0006
segment:ad17e87804ab,term:444862b1d437,MENTIONS,作者,neutral,0,0,,田横岛上五百人的自杀，动机无可取，方法更无论，岂可看做极优的人生观？,1.0,唐钺_002_5e996979,唐钺_002_5e996979_s0006
segment:ad17e87804ab,entity:09450634a634,MENTIONS,田横岛上五百人的自杀,neutral,0,0,,田横岛上五百人的自杀，动机无可取，方法更无论，岂可看做极优的人生观？,1.0,唐钺_002_5e996979,唐钺_002_5e996979_s0006
term:444862b1d437,entity:afb2b83df609,RELATES_TO,相关,positive,0.8,0.6,部分肯定,这四个人是理智极高，感情极富的，于“民胞物与”的道理见得深切，所以有偌大的愿力，并没有什么不可思议的地方,1.0,唐钺_002_5e996979,唐钺_002_5e996979_s0006
segment:ad17e87804ab,term:444862b1d437,MENTIONS,作者,neutral,0,0,,这四个人是理智极高，感情极富的，于“民胞物与”的道理见得深切，所以有偌大的愿力，并没有什么不可思议的地方,1.0,唐钺_002_5e996979,唐钺_002_5e996979_s0006
segment:ad17e87804ab,entity:afb2b83df609,MENTIONS,孔子、墨子、释迦、基督,neutral,0,0,,这四个人是理智极高，感情极富的，于“民胞物与”的道理见得深切，所以有偌大的愿力，并没有什么不可思议的地方,1.0,唐钺_002_5e996979,唐钺_002_5e996979_s0006
term:444862b1d437,term:5cacbd949653,RELATES_TO,相关,negative,-1.0,0.8,一般批评,释迦割臂饲鹰（这是无稽的神话，我只是不相信）,1.0,唐钺_002_5e996979,唐钺_002_5e996979_s0006
segment:ad17e87804ab,term:444862b1d437,MENTIONS,作者,neutral,0,0,,释迦割臂饲鹰（这是无稽的神话，我只是不相信）,1.0,唐钺_002_5e996979,唐钺_002_5e996979_s0006
segment:ad17e87804ab,term:5cacbd949653,MENTIONS,释迦割臂饲鹰,neutral,0,0,,释迦割臂饲鹰（这是无稽的神话，我只是不相信）,1.0,唐钺_002_5e996979,唐钺_002_5e996979_s0006
term:444862b1d437,term:0e9b08e130f1,RELATES_TO,相关,negative,-1.0,0.8,一般批评,基督钉十字架替人赎罪（替人赎罪也是神话）,1.0,唐钺_002_5e996979,唐钺_002_5e996979_s0006
segment:ad17e87804ab,term:444862b1d437,MENTIONS,作者,neutral,0,0,,基督钉十字架替人赎罪（替人赎罪也是神话）,1.0,唐钺_002_5e996979,唐钺_002_5e996979_s0006
segment:ad17e87804ab,term:0e9b08e130f1,MENTIONS,基督钉十字架替人赎罪,neutral,0,0,,基督钉十字架替人赎罪（替人赎罪也是神话）,1.0,唐钺_002_5e996979,唐钺_002_5e996979_s0006
term:444862b1d437,term:72f3ca6312c2,RELATES_TO,反驳,negative,-0.8,0.6,逻辑反驳,至于“人类活历史，却什有八九从这种神秘（指‘一个人对于所信仰的宗教，对于所崇拜的人或主义，那种狂热情绪’）中创造出来”，这不能成为一种理由,1.0,唐钺_002_5e996979,唐钺_002_5e996979_s0006
segment:ad17e87804ab,term:444862b1d437,MENTIONS,作者,neutral,0,0,,至于“人类活历史，却什有八九从这种神秘（指‘一个人对于所信仰的宗教，对于所崇拜的人或主义，那种狂热情绪’）中创造出来”，这不能成为一种理由,1.0,唐钺_002_5e996979,唐钺_002_5e996979_s0006
segment:ad17e87804ab,term:72f3ca6312c2,MENTIONS,人类活历史从神秘中创造出来,neutral,0,0,,至于“人类活历史，却什有八九从这种神秘（指‘一个人对于所信仰的宗教，对于所崇拜的人或主义，那种狂热情绪’）中创造出来”，这不能成为一种理由,1.0,唐钺_002_5e996979,唐钺_002_5e996979_s0006
term:444862b1d437,term:dfb018154ffe,RELATES_TO,反驳,negative,-0.5,0.5,逻辑反驳,热情生出活历史，固然是事实；但是，热情不可分析，又是一个问题，不能以前者证后者,1.0,唐钺_002_5e996979,唐钺_002_5e996979_s0006
segment:ad17e87804ab,term:444862b1d437,MENTIONS,作者,neutral,0,0,,热情生出活历史，固然是事实；但是，热情不可分析，又是一个问题，不能以前者证后者,1.0,唐钺_002_5e996979,唐钺_002_5e996979_s0006
segment:ad17e87804ab,term:dfb018154ffe,MENTIONS,热情不可分析,neutral,0,0,,热情生出活历史，固然是事实；但是，热情不可分析，又是一个问题，不能以前者证后者,1.0,唐钺_002_5e996979,唐钺_002_5e996979_s0006
term:444862b1d437,term:806bbf06eaf5,RELATES_TO,相关,negative,-0.6,0.5,一般批评,就是这些热情所创造的活历史，至少一半是糟糕的,1.0,唐钺_002_5e996979,唐钺_002_5e996979_s0006
segment:ad17e87804ab,term:444862b1d437,MENTIONS,作者,neutral,0,0,,就是这些热情所创造的活历史，至少一半是糟糕的,1.0,唐钺_002_5e996979,唐钺_002_5e996979_s0006
segment:ad17e87804ab,term:806bbf06eaf5,MENTIONS,热情所创造的活历史,neutral,0,0,,就是这些热情所创造的活历史，至少一半是糟糕的,1.0,唐钺_002_5e996979,唐钺_002_5e996979_s0006
entity:61c22a79d776,term:a230c2118768,RELATES_TO,导致,negative,-0.8,0.7,不适用,中国历朝的女祸，欧洲宗教的残杀史，就是因为热情脱离理智的羁绊的结果,1.0,唐钺_002_5e996979,唐钺_002_5e996979_s0006
segment:ad17e87804ab,entity:61c22a79d776,MENTIONS,热情脱离理智的羁绊,neutral,0,0,,中国历朝的女祸，欧洲宗教的残杀史，就是因为热情脱离理智的羁绊的结果,1.0,唐钺_002_5e996979,唐钺_002_5e996979_s0006
segment:ad17e87804ab,term:a230c2118768,MENTIONS,中国历朝的女祸、欧洲宗教的残杀史,neutral,0,0,,中国历朝的女祸，欧洲宗教的残杀史，就是因为热情脱离理智的羁绊的结果,1.0,唐钺_002_5e996979,唐钺_002_5e996979_s0006
term:444862b1d437,term:861d4d6ca70d,RELATES_TO,主张,negative,-0.8,0.6,不适用,这种“脱羁”的情绪，我们不必去鼓励他们,1.0,唐钺_002_5e996979,唐钺_002_5e996979_s0006
segment:ad17e87804ab,term:444862b1d437,MENTIONS,作者,neutral,0,0,,这种“脱羁”的情绪，我们不必去鼓励他们,1.0,唐钺_002_5e996979,唐钺_002_5e996979_s0006
segment:ad17e87804ab,term:861d4d6ca70d,MENTIONS,这种“脱羁”的情绪，我们不必去鼓励他们,neutral,0,0,,这种“脱羁”的情绪，我们不必去鼓励他们,1.0,唐钺_002_5e996979,唐钺_002_5e996979_s0006
term:3d44df8d7dd3,term:680ffaf7c8d1,RELATES_TO,解释,neutral,0.0,0.3,不适用,我们所以看得爱这样神秘，是：（一）因为他的成因比别的心理事项复杂，一时不能分析得精密,1.0,唐钺_002_5e996979,唐钺_002_5e996979_s0006
segment:ad17e87804ab,term:3d44df8d7dd3,MENTIONS,爱的成因比别的心理事项复杂，一时不能分析得精密,neutral,0,0,,我们所以看得爱这样神秘，是：（一）因为他的成因比别的心理事项复杂，一时不能分析得精密,1.0,唐钺_002_5e996979,唐钺_002_5e996979_s0006
segment:ad17e87804ab,term:680ffaf7c8d1,MENTIONS,我们所以看得爱这样神秘,neutral,0,0,,我们所以看得爱这样神秘，是：（一）因为他的成因比别的心理事项复杂，一时不能分析得精密,1.0,唐钺_002_5e996979,唐钺_002_5e996979_s0006
entity:61c22a79d776,term:a1260dc8c3f7,RELATES_TO,导致,negative,-0.5,0.5,不适用,因为热情脱离理智的羁绊的结果。这种“脱羁”的情绪，我们不必去鼓励他们。,0.9,唐钺_002_5e996979,唐钺_002_5e996979_s0007
segment:bc80eefcfe9b,entity:61c22a79d776,MENTIONS,热情脱离理智的羁绊,neutral,0,0,,因为热情脱离理智的羁绊的结果。这种“脱羁”的情绪，我们不必去鼓励他们。,0.9,唐钺_002_5e996979,唐钺_002_5e996979_s0007
segment:bc80eefcfe9b,term:a1260dc8c3f7,MENTIONS,“脱羁”的情绪,neutral,0,0,,因为热情脱离理智的羁绊的结果。这种“脱羁”的情绪，我们不必去鼓励他们。,0.9,唐钺_002_5e996979,唐钺_002_5e996979_s0007
entity:0e80d76bdeec,term:09a9c2f12922,RELATES_TO,类比,neutral,0.0,0.5,不适用,其实爱同火差不多：他的本体没有什么好坏，而他的结果是可以好可以坏的。,0.9,唐钺_002_5e996979,唐钺_002_5e996979_s0007
segment:bc80eefcfe9b,entity:0e80d76bdeec,MENTIONS,爱,neutral,0,0,,其实爱同火差不多：他的本体没有什么好坏，而他的结果是可以好可以坏的。,0.9,唐钺_002_5e996979,唐钺_002_5e996979_s0007
segment:bc80eefcfe9b,term:09a9c2f12922,MENTIONS,火,neutral,0,0,,其实爱同火差不多：他的本体没有什么好坏，而他的结果是可以好可以坏的。,0.9,唐钺_002_5e996979,唐钺_002_5e996979_s0007
term:d7154283689e,term:36b2dc57061c,RELATES_TO,导致,positive,0.8,0.7,不适用,他受理智的支配的程度愈大，他的结果愈好。反之，结果就愈坏。,0.9,唐钺_002_5e996979,唐钺_002_5e996979_s0007
segment:bc80eefcfe9b,term:d7154283689e,MENTIONS,爱受理智的支配的程度愈大,neutral,0,0,,他受理智的支配的程度愈大，他的结果愈好。反之，结果就愈坏。,0.9,唐钺_002_5e996979,唐钺_002_5e996979_s0007
segment:bc80eefcfe9b,term:36b2dc57061c,MENTIONS,他的结果愈好,neutral,0,0,,他受理智的支配的程度愈大，他的结果愈好。反之，结果就愈坏。,0.9,唐钺_002_5e996979,唐钺_002_5e996979_s0007
term:b70c17e6eef4,term:b36e4fbf34c7,RELATES_TO,导致,negative,-0.8,0.7,不适用,世间许多罪恶，是由不受理智支配的爱情发生，,0.9,唐钺_002_5e996979,唐钺_002_5e996979_s0007
segment:bc80eefcfe9b,term:b70c17e6eef4,MENTIONS,不受理智支配的爱情,neutral,0,0,,世间许多罪恶，是由不受理智支配的爱情发生，,0.9,唐钺_002_5e996979,唐钺_002_5e996979_s0007
segment:bc80eefcfe9b,term:b36e4fbf34c7,MENTIONS,世间许多罪恶,neutral,0,0,,世间许多罪恶，是由不受理智支配的爱情发生，,0.9,唐钺_002_5e996979,唐钺_002_5e996979_s0007
term:e621e6dbafe5,term:a92c1d909348,RELATES_TO,导致,negative,-0.9,0.8,不适用,近年青年男女，因为信仰爱是神秘，是绝对超理智的，而弄得身败名裂，贻祸他人的，已经不少了。,0.9,唐钺_002_5e996979,唐钺_002_5e996979_s0007
segment:bc80eefcfe9b,term:e621e6dbafe5,MENTIONS,信仰爱是神秘，是绝对超理智的,neutral,0,0,,近年青年男女，因为信仰爱是神秘，是绝对超理智的，而弄得身败名裂，贻祸他人的，已经不少了。,0.9,唐钺_002_5e996979,唐钺_002_5e996979_s0007
segment:bc80eefcfe9b,term:a92c1d909348,MENTIONS,青年男女身败名裂，贻祸他人,neutral,0,0,,近年青年男女，因为信仰爱是神秘，是绝对超理智的，而弄得身败名裂，贻祸他人的，已经不少了。,0.9,唐钺_002_5e996979,唐钺_002_5e996979_s0007
entity:eeb2bdba553e,entity:14a01b6bd929,RELATES_TO,定义,neutral,0.0,0.5,概念澄清,至于爱的本身，是经验的“所与”，是不可分析而且不必分析的，同美一样。,0.9,唐钺_002_5e996979,唐钺_002_5e996979_s0007
segment:bc80eefcfe9b,entity:eeb2bdba553e,MENTIONS,爱的本身,neutral,0,0,,至于爱的本身，是经验的“所与”，是不可分析而且不必分析的，同美一样。,0.9,唐钺_002_5e996979,唐钺_002_5e996979_s0007
segment:bc80eefcfe9b,entity:14a01b6bd929,MENTIONS,经验的“所与”,neutral,0,0,,至于爱的本身，是经验的“所与”，是不可分析而且不必分析的，同美一样。,0.9,唐钺_002_5e996979,唐钺_002_5e996979_s0007
entity:f9297afc1897,entity:b2f51af42ceb,RELATES_TO,定义,neutral,0.0,0.5,概念澄清,至于情感的事项的“超科学”的方面，不过是“所与性”，是理智事项及一切其他经验所共有的，是科学的起点；,0.9,唐钺_002_5e996979,唐钺_002_5e996979_s0007
segment:bc80eefcfe9b,entity:f9297afc1897,MENTIONS,情感的事项的“超科学”的方面,neutral,0,0,,至于情感的事项的“超科学”的方面，不过是“所与性”，是理智事项及一切其他经验所共有的，是科学的起点；,0.9,唐钺_002_5e996979,唐钺_002_5e996979_s0007
segment:bc80eefcfe9b,entity:b2f51af42ceb,MENTIONS,“所与性”,neutral,0,0,,至于情感的事项的“超科学”的方面，不过是“所与性”，是理智事项及一切其他经验所共有的，是科学的起点；,0.9,唐钺_002_5e996979,唐钺_002_5e996979_s0007
entity:ed301ecb2db7,entity:93e98df5017f,RELATES_TO,定义,neutral,0.0,0.5,概念澄清,不过这种的“神秘”，同“平常”的意义无别罢了。,0.9,唐钺_002_5e996979,唐钺_002_5e996979_s0007
segment:bc80eefcfe9b,entity:ed301ecb2db7,MENTIONS,“神秘”,neutral,0,0,,不过这种的“神秘”，同“平常”的意义无别罢了。,0.9,唐钺_002_5e996979,唐钺_002_5e996979_s0007
segment:bc80eefcfe9b,entity:93e98df5017f,MENTIONS,“平常”,neutral,0,0,,不过这种的“神秘”，同“平常”的意义无别罢了。,0.9,唐钺_002_5e996979,唐钺_002_5e996979_s0007
term:444862b1d437,term:56dbdde079d3,RELATES_TO,主张,positive,1.0,0.8,不适用,关于情感的事项，要就我们的知识所及，尽量用科学方法来解决的。,0.9,唐钺_002_5e996979,唐钺_002_5e996979_s0007
segment:bc80eefcfe9b,term:444862b1d437,MENTIONS,作者,neutral,0,0,,关于情感的事项，要就我们的知识所及，尽量用科学方法来解决的。,0.9,唐钺_002_5e996979,唐钺_002_5e996979_s0007
segment:bc80eefcfe9b,term:56dbdde079d3,MENTIONS,关于情感的事项，要就我们的知识所及，尽量用科学方法来解决的。,neutral,0,0,,关于情感的事项，要就我们的知识所及，尽量用科学方法来解决的。,0.9,唐钺_002_5e996979,唐钺_002_5e996979_s0007
entity:e867d428ff3f,term:a3924cb0bdb9,RELATES_TO,回应,negative,-0.5,0.5,概念澄清,林宰平先生似乎就是有这样的感想的。他说：“其结果必至天地间无一不是科学罢了。”,1.0,唐钺_003_1292971a,唐钺_003_1292971a_s0000
segment:82d764185d8e,entity:e867d428ff3f,MENTIONS,林宰平先生,neutral,0,0,,林宰平先生似乎就是有这样的感想的。他说：“其结果必至天地间无一不是科学罢了。”,1.0,唐钺_003_1292971a,唐钺_003_1292971a_s0000
segment:82d764185d8e,term:a3924cb0bdb9,MENTIONS,丁在君先生的主张,neutral,0,0,,林宰平先生似乎就是有这样的感想的。他说：“其结果必至天地间无一不是科学罢了。”,1.0,唐钺_003_1292971a,唐钺_003_1292971a_s0000
term:444862b1d437,term:61f34b4db496,RELATES_TO,反驳,negative,-1.0,0.8,逻辑反驳,我的浅见，以为这样的结论，不能从丁先生的主张演绎出来。,1.0,唐钺_003_1292971a,唐钺_003_1292971a_s0000
segment:82d764185d8e,term:444862b1d437,MENTIONS,作者,neutral,0,0,,我的浅见，以为这样的结论，不能从丁先生的主张演绎出来。,1.0,唐钺_003_1292971a,唐钺_003_1292971a_s0000
segment:82d764185d8e,term:61f34b4db496,MENTIONS,林宰平先生的结论,neutral,0,0,,我的浅见，以为这样的结论，不能从丁先生的主张演绎出来。,1.0,唐钺_003_1292971a,唐钺_003_1292971a_s0000
term:444862b1d437,term:a3924cb0bdb9,RELATES_TO,支持,positive,0.8,0.6,逻辑反驳,充丁先生的话的结果，不过说“天地间无一不是科学的材料”罢了。这样说是没有甚么不可通的地方。,1.0,唐钺_003_1292971a,唐钺_003_1292971a_s0000
segment:82d764185d8e,term:444862b1d437,MENTIONS,作者,neutral,0,0,,充丁先生的话的结果，不过说“天地间无一不是科学的材料”罢了。这样说是没有甚么不可通的地方。,1.0,唐钺_003_1292971a,唐钺_003_1292971a_s0000
segment:82d764185d8e,term:a3924cb0bdb9,MENTIONS,丁在君先生的主张,neutral,0,0,,充丁先生的话的结果，不过说“天地间无一不是科学的材料”罢了。这样说是没有甚么不可通的地方。,1.0,唐钺_003_1292971a,唐钺_003_1292971a_s0000
term:444862b1d437,term:3a6392042474,RELATES_TO,回应,negative,-0.8,0.7,概念澄清,这有两层解答。第一，科学方法中所谓试验证明，是极其谨严的。试验时的一切条件，都要受试验者的制裁。就是不能试验的现象，也要用归纳五术等等以排除不相关的事实。人类的日常生活，条件过于复杂，并且事机迫不及待；这种真正的科学方法，不能够完全应用。,1.0,唐钺_003_1292971a,唐钺_003_1292971a_s0000
segment:82d764185d8e,term:444862b1d437,MENTIONS,作者,neutral,0,0,,这有两层解答。第一，科学方法中所谓试验证明，是极其谨严的。试验时的一切条件，都要受试验者的制裁。就是不能试验的现象，也要用归纳五术等等以排除不相关的事实。人类的日常生活，条件过于复杂，并且事机迫不及待；这种真正的科学方法，不能够完全应用。,1.0,唐钺_003_1292971a,唐钺_003_1292971a_s0000
segment:82d764185d8e,term:3a6392042474,MENTIONS,林先生的问题,neutral,0,0,,这有两层解答。第一，科学方法中所谓试验证明，是极其谨严的。试验时的一切条件，都要受试验者的制裁。就是不能试验的现象，也要用归纳五术等等以排除不相关的事实。人类的日常生活，条件过于复杂，并且事机迫不及待；这种真正的科学方法，不能够完全应用。,1.0,唐钺_003_1292971a,唐钺_003_1292971a_s0000
entity:9bcf699cdee5,entity:6302bda20dac,RELATES_TO,解释,neutral,0.0,0.5,概念澄清,要受试验者的制裁。就是不能试验的现象，也要用归纳五术等等以排除不相关的事实。,0.9,唐钺_003_1292971a,唐钺_003_1292971a_s0001
segment:9e5700c5f373,entity:9bcf699cdee5,MENTIONS,真正的科学方法,neutral,0,0,,要受试验者的制裁。就是不能试验的现象，也要用归纳五术等等以排除不相关的事实。,0.9,唐钺_003_1292971a,唐钺_003_1292971a_s0001
segment:9e5700c5f373,entity:6302bda20dac,MENTIONS,试验,neutral,0,0,,要受试验者的制裁。就是不能试验的现象，也要用归纳五术等等以排除不相关的事实。,0.9,唐钺_003_1292971a,唐钺_003_1292971a_s0001
entity:bd910cbd2ee9,entity:9bcf699cdee5,RELATES_TO,导致,negative,-0.5,0.6,不适用,人类的日常生活，条件过于复杂，并且事机迫不及待；这种真正的科学方法，不能够完全应用。,0.9,唐钺_003_1292971a,唐钺_003_1292971a_s0001
segment:9e5700c5f373,entity:bd910cbd2ee9,MENTIONS,日常生活,neutral,0,0,,人类的日常生活，条件过于复杂，并且事机迫不及待；这种真正的科学方法，不能够完全应用。,0.9,唐钺_003_1292971a,唐钺_003_1292971a_s0001
segment:9e5700c5f373,entity:9bcf699cdee5,MENTIONS,真正的科学方法,neutral,0,0,,人类的日常生活，条件过于复杂，并且事机迫不及待；这种真正的科学方法，不能够完全应用。,0.9,唐钺_003_1292971a,唐钺_003_1292971a_s0001
entity:bd910cbd2ee9,entity:421183e6cad4,RELATES_TO,导致,negative,-0.5,0.6,不适用,所以我们做人处事的根据，多少含些臆测在内，不是真正的科学方法,0.9,唐钺_003_1292971a,唐钺_003_1292971a_s0001
segment:9e5700c5f373,entity:bd910cbd2ee9,MENTIONS,日常生活,neutral,0,0,,所以我们做人处事的根据，多少含些臆测在内，不是真正的科学方法,0.9,唐钺_003_1292971a,唐钺_003_1292971a_s0001
segment:9e5700c5f373,entity:421183e6cad4,MENTIONS,臆测,neutral,0,0,,所以我们做人处事的根据，多少含些臆测在内，不是真正的科学方法,0.9,唐钺_003_1292971a,唐钺_003_1292971a_s0001
entity:e867d428ff3f,entity:ee38dd378f41,RELATES_TO,反驳,negative,-0.8,0.8,事实质疑,所以无论一个人做人怎样诚实有条理，我们不能称他做科学家。,0.9,唐钺_003_1292971a,唐钺_003_1292971a_s0001
segment:9e5700c5f373,entity:e867d428ff3f,MENTIONS,林宰平,neutral,0,0,,所以无论一个人做人怎样诚实有条理，我们不能称他做科学家。,0.9,唐钺_003_1292971a,唐钺_003_1292971a_s0001
segment:9e5700c5f373,entity:ee38dd378f41,MENTIONS,科学家,neutral,0,0,,所以无论一个人做人怎样诚实有条理，我们不能称他做科学家。,0.9,唐钺_003_1292971a,唐钺_003_1292971a_s0001
entity:e867d428ff3f,entity:b4078894fd4e,RELATES_TO,反驳,negative,-0.8,0.8,事实质疑,林先生不过假定有这么一个完全应用科学方法去做人的人，然而实际上是没有。,0.9,唐钺_003_1292971a,唐钺_003_1292971a_s0001
segment:9e5700c5f373,entity:e867d428ff3f,MENTIONS,林宰平,neutral,0,0,,林先生不过假定有这么一个完全应用科学方法去做人的人，然而实际上是没有。,0.9,唐钺_003_1292971a,唐钺_003_1292971a_s0001
segment:9e5700c5f373,entity:b4078894fd4e,MENTIONS,做人的科学家,neutral,0,0,,林先生不过假定有这么一个完全应用科学方法去做人的人，然而实际上是没有。,0.9,唐钺_003_1292971a,唐钺_003_1292971a_s0001
entity:ee38dd378f41,entity:78b798906628,RELATES_TO,定义,neutral,0.0,0.5,概念澄清,通常所谓科学家，单指用科学方法去研究事实而得他们的因果关系的人，不包括应用科学方法去创造（如艺术）或变更物我间的关系（如“做人”）的人。,0.9,唐钺_003_1292971a,唐钺_003_1292971a_s0001
segment:9e5700c5f373,entity:ee38dd378f41,MENTIONS,科学家,neutral,0,0,,通常所谓科学家，单指用科学方法去研究事实而得他们的因果关系的人，不包括应用科学方法去创造（如艺术）或变更物我间的关系（如“做人”）的人。,0.9,唐钺_003_1292971a,唐钺_003_1292971a_s0001
segment:9e5700c5f373,entity:78b798906628,MENTIONS,科学方法,neutral,0,0,,通常所谓科学家，单指用科学方法去研究事实而得他们的因果关系的人，不包括应用科学方法去创造（如艺术）或变更物我间的关系（如“做人”）的人。,0.9,唐钺_003_1292971a,唐钺_003_1292971a_s0001
entity:e867d428ff3f,entity:abab6dedd8cf,RELATES_TO,回应,mixed,0.3,0.6,部分肯定,林先生又说“若谓绘画等，……既是应用科学的方法，总可谓之科学。其实这句话只可说：绘画等也未尝不可用科学的方法来研究；至于绘画自身……要说他是科学，就很费解的了”。,0.9,唐钺_003_1292971a,唐钺_003_1292971a_s0001
segment:9e5700c5f373,entity:e867d428ff3f,MENTIONS,林宰平,neutral,0,0,,林先生又说“若谓绘画等，……既是应用科学的方法，总可谓之科学。其实这句话只可说：绘画等也未尝不可用科学的方法来研究；至于绘画自身……要说他是科学，就很费解的了”。,0.9,唐钺_003_1292971a,唐钺_003_1292971a_s0001
segment:9e5700c5f373,entity:abab6dedd8cf,MENTIONS,绘画,neutral,0,0,,林先生又说“若谓绘画等，……既是应用科学的方法，总可谓之科学。其实这句话只可说：绘画等也未尝不可用科学的方法来研究；至于绘画自身……要说他是科学，就很费解的了”。,0.9,唐钺_003_1292971a,唐钺_003_1292971a_s0001
entity:a3559354f958,entity:abab6dedd8cf,RELATES_TO,区分,neutral,0.0,0.5,概念澄清,这个绘画的科学，与绘画自身——即艺术品的创造——不是不相容的东西。,0.9,唐钺_003_1292971a,唐钺_003_1292971a_s0001
segment:9e5700c5f373,entity:a3559354f958,MENTIONS,绘画的科学,neutral,0,0,,这个绘画的科学，与绘画自身——即艺术品的创造——不是不相容的东西。,0.9,唐钺_003_1292971a,唐钺_003_1292971a_s0001
segment:9e5700c5f373,entity:abab6dedd8cf,MENTIONS,绘画,neutral,0,0,,这个绘画的科学，与绘画自身——即艺术品的创造——不是不相容的东西。,0.9,唐钺_003_1292971a,唐钺_003_1292971a_s0001
entity:abab6dedd8cf,entity:0a5d9170d332,RELATES_TO,区分,negative,-0.8,0.8,概念澄清,至于绘画自身，虽然应用科学如透视学等，而实在是艺术，从来没有人称他做科学。,0.9,唐钺_003_1292971a,唐钺_003_1292971a_s0001
segment:9e5700c5f373,entity:abab6dedd8cf,MENTIONS,绘画,neutral,0,0,,至于绘画自身，虽然应用科学如透视学等，而实在是艺术，从来没有人称他做科学。,0.9,唐钺_003_1292971a,唐钺_003_1292971a_s0001
segment:9e5700c5f373,entity:0a5d9170d332,MENTIONS,科学,neutral,0,0,,至于绘画自身，虽然应用科学如透视学等，而实在是艺术，从来没有人称他做科学。,0.9,唐钺_003_1292971a,唐钺_003_1292971a_s0001
entity:a3559354f958,entity:ad1625d8d8b0,RELATES_TO,区分,positive,0.5,0.5,概念澄清,这个绘画的科学，与绘画自身——即艺术品的创造——不是不相容的东西。,0.9,唐钺_003_1292971a,唐钺_003_1292971a_s0002
segment:1dff6bc12659,entity:a3559354f958,MENTIONS,绘画的科学,neutral,0,0,,这个绘画的科学，与绘画自身——即艺术品的创造——不是不相容的东西。,0.9,唐钺_003_1292971a,唐钺_003_1292971a_s0002
segment:1dff6bc12659,entity:ad1625d8d8b0,MENTIONS,绘画自身,neutral,0,0,,这个绘画的科学，与绘画自身——即艺术品的创造——不是不相容的东西。,0.9,唐钺_003_1292971a,唐钺_003_1292971a_s0002
entity:ad1625d8d8b0,entity:0a5d9170d332,RELATES_TO,区分,positive,0.5,0.5,概念澄清,至于绘画自身，虽然应用科学如透视学等，而实在是艺术，从来没有人称他做科学。,0.9,唐钺_003_1292971a,唐钺_003_1292971a_s0002
segment:1dff6bc12659,entity:ad1625d8d8b0,MENTIONS,绘画自身,neutral,0,0,,至于绘画自身，虽然应用科学如透视学等，而实在是艺术，从来没有人称他做科学。,0.9,唐钺_003_1292971a,唐钺_003_1292971a_s0002
segment:1dff6bc12659,entity:0a5d9170d332,MENTIONS,科学,neutral,0,0,,至于绘画自身，虽然应用科学如透视学等，而实在是艺术，从来没有人称他做科学。,0.9,唐钺_003_1292971a,唐钺_003_1292971a_s0002
entity:6f60dd1dde5c,entity:e867d428ff3f,RELATES_TO,回应,mixed,0.0,0.5,部分肯定,关于这一点，林先生同我的意见实际上没有差异。,0.9,唐钺_003_1292971a,唐钺_003_1292971a_s0002
segment:1dff6bc12659,entity:6f60dd1dde5c,MENTIONS,唐钺,neutral,0,0,,关于这一点，林先生同我的意见实际上没有差异。,0.9,唐钺_003_1292971a,唐钺_003_1292971a_s0002
segment:1dff6bc12659,entity:e867d428ff3f,MENTIONS,林宰平,neutral,0,0,,关于这一点，林先生同我的意见实际上没有差异。,0.9,唐钺_003_1292971a,唐钺_003_1292971a_s0002
entity:6f60dd1dde5c,entity:e867d428ff3f,RELATES_TO,批评,negative,-0.8,0.8,概念混淆批评,我还要说，不特费解，而且是不通。,0.9,唐钺_003_1292971a,唐钺_003_1292971a_s0002
segment:1dff6bc12659,entity:6f60dd1dde5c,MENTIONS,唐钺,neutral,0,0,,我还要说，不特费解，而且是不通。,0.9,唐钺_003_1292971a,唐钺_003_1292971a_s0002
segment:1dff6bc12659,entity:e867d428ff3f,MENTIONS,林宰平,neutral,0,0,,我还要说，不特费解，而且是不通。,0.9,唐钺_003_1292971a,唐钺_003_1292971a_s0002
entity:f6a7c999a0bb,entity:0a5d9170d332,RELATES_TO,区分,negative,-0.8,0.7,概念澄清,“基督教科学”虽也“利用暗示方法”，而含有其他不合科学的方法，所以不能称为科学。,0.9,唐钺_003_1292971a,唐钺_003_1292971a_s0002
segment:1dff6bc12659,entity:f6a7c999a0bb,MENTIONS,基督教科学,neutral,0,0,,“基督教科学”虽也“利用暗示方法”，而含有其他不合科学的方法，所以不能称为科学。,0.9,唐钺_003_1292971a,唐钺_003_1292971a_s0002
segment:1dff6bc12659,entity:0a5d9170d332,MENTIONS,科学,neutral,0,0,,“基督教科学”虽也“利用暗示方法”，而含有其他不合科学的方法，所以不能称为科学。,0.9,唐钺_003_1292971a,唐钺_003_1292971a_s0002
entity:f6a7c999a0bb,entity:1b6bf6f8f873,RELATES_TO,相关,negative,-0.7,0.6,一般批评,他虽然冒充科学，我们只能看他做一种宗教。,0.9,唐钺_003_1292971a,唐钺_003_1292971a_s0002
segment:1dff6bc12659,entity:f6a7c999a0bb,MENTIONS,基督教科学,neutral,0,0,,他虽然冒充科学，我们只能看他做一种宗教。,0.9,唐钺_003_1292971a,唐钺_003_1292971a_s0002
segment:1dff6bc12659,entity:1b6bf6f8f873,MENTIONS,宗教,neutral,0,0,,他虽然冒充科学，我们只能看他做一种宗教。,0.9,唐钺_003_1292971a,唐钺_003_1292971a_s0002
entity:9c3e909f9597,entity:0a5d9170d332,RELATES_TO,区分,negative,-0.8,0.7,概念澄清,灵学不是科学，是因为他不用科学的方法，不是因为他所研究的材料的特别。,0.9,唐钺_003_1292971a,唐钺_003_1292971a_s0002
segment:1dff6bc12659,entity:9c3e909f9597,MENTIONS,灵学,neutral,0,0,,灵学不是科学，是因为他不用科学的方法，不是因为他所研究的材料的特别。,0.9,唐钺_003_1292971a,唐钺_003_1292971a_s0002
segment:1dff6bc12659,entity:0a5d9170d332,MENTIONS,科学,neutral,0,0,,灵学不是科学，是因为他不用科学的方法，不是因为他所研究的材料的特别。,0.9,唐钺_003_1292971a,唐钺_003_1292971a_s0002
entity:6f60dd1dde5c,entity:105c4e8c4df9,RELATES_TO,批评,negative,-0.9,0.9,逻辑反驳,洛奇于变态心理学是外行，他对于灵学的判断，是靠不住的。,0.9,唐钺_003_1292971a,唐钺_003_1292971a_s0002
segment:1dff6bc12659,entity:6f60dd1dde5c,MENTIONS,唐钺,neutral,0,0,,洛奇于变态心理学是外行，他对于灵学的判断，是靠不住的。,0.9,唐钺_003_1292971a,唐钺_003_1292971a_s0002
segment:1dff6bc12659,entity:105c4e8c4df9,MENTIONS,洛奇,neutral,0,0,,洛奇于变态心理学是外行，他对于灵学的判断，是靠不住的。,0.9,唐钺_003_1292971a,唐钺_003_1292971a_s0002
entity:6f60dd1dde5c,entity:105c4e8c4df9,RELATES_TO,相关,negative,-1.0,1.0,道德指责,此公昏愦，可谓达于极点。,0.9,唐钺_003_1292971a,唐钺_003_1292971a_s0002
segment:1dff6bc12659,entity:6f60dd1dde5c,MENTIONS,唐钺,neutral,0,0,,此公昏愦，可谓达于极点。,0.9,唐钺_003_1292971a,唐钺_003_1292971a_s0002
segment:1dff6bc12659,entity:105c4e8c4df9,MENTIONS,洛奇,neutral,0,0,,此公昏愦，可谓达于极点。,0.9,唐钺_003_1292971a,唐钺_003_1292971a_s0002
entity:e2ad9737497a,entity:981edddb3e0d,RELATES_TO,归因于,neutral,0.0,0.3,不适用,至于妖怪学，要看我们的“妖怪”的定义怎样。,0.9,唐钺_003_1292971a,唐钺_003_1292971a_s0002
segment:1dff6bc12659,entity:e2ad9737497a,MENTIONS,妖怪学,neutral,0,0,,至于妖怪学，要看我们的“妖怪”的定义怎样。,0.9,唐钺_003_1292971a,唐钺_003_1292971a_s0002
segment:1dff6bc12659,entity:981edddb3e0d,MENTIONS,妖怪,neutral,0,0,,至于妖怪学，要看我们的“妖怪”的定义怎样。,0.9,唐钺_003_1292971a,唐钺_003_1292971a_s0002
entity:981edddb3e0d,entity:e2ad9737497a,RELATES_TO,导致,negative,-0.5,0.5,不适用,“皮之不存，毛将安傅”，当然不能有研究妖怪的科学。,0.9,唐钺_003_1292971a,唐钺_003_1292971a_s0002
segment:1dff6bc12659,entity:981edddb3e0d,MENTIONS,妖怪,neutral,0,0,,“皮之不存，毛将安傅”，当然不能有研究妖怪的科学。,0.9,唐钺_003_1292971a,唐钺_003_1292971a_s0002
segment:1dff6bc12659,entity:e2ad9737497a,MENTIONS,妖怪学,neutral,0,0,,“皮之不存，毛将安傅”，当然不能有研究妖怪的科学。,0.9,唐钺_003_1292971a,唐钺_003_1292971a_s0002
entity:981edddb3e0d,term:63991dcfd665,RELATES_TO,定义,neutral,0.0,0.3,概念澄清,我们若以为妖怪是天地间一种实在的东西，同猴子、猫头鹰一样实在,1.0,唐钺_003_1292971a,唐钺_003_1292971a_s0003
segment:cc6eb748f06e,entity:981edddb3e0d,MENTIONS,妖怪,neutral,0,0,,我们若以为妖怪是天地间一种实在的东西，同猴子、猫头鹰一样实在,1.0,唐钺_003_1292971a,唐钺_003_1292971a_s0003
segment:cc6eb748f06e,term:63991dcfd665,MENTIONS,天地间一种实在的东西,neutral,0,0,,我们若以为妖怪是天地间一种实在的东西，同猴子、猫头鹰一样实在,1.0,唐钺_003_1292971a,唐钺_003_1292971a_s0003
entity:981edddb3e0d,term:68d30c509d7f,RELATES_TO,定义,neutral,0.0,0.3,概念澄清,假如我们不过把“妖怪”代表某种非常现象,1.0,唐钺_003_1292971a,唐钺_003_1292971a_s0003
segment:cc6eb748f06e,entity:981edddb3e0d,MENTIONS,妖怪,neutral,0,0,,假如我们不过把“妖怪”代表某种非常现象,1.0,唐钺_003_1292971a,唐钺_003_1292971a_s0003
segment:cc6eb748f06e,term:68d30c509d7f,MENTIONS,某种非常现象,neutral,0,0,,假如我们不过把“妖怪”代表某种非常现象,1.0,唐钺_003_1292971a,唐钺_003_1292971a_s0003
entity:e867d428ff3f,entity:0bacf98593d1,RELATES_TO,相关,negative,-0.8,0.7,一般批评,林先生以为丁先生说“胡适之讲《红楼梦》，也是科学”，是可笑的话。,1.0,唐钺_003_1292971a,唐钺_003_1292971a_s0003
segment:cc6eb748f06e,entity:e867d428ff3f,MENTIONS,林宰平,neutral,0,0,,林先生以为丁先生说“胡适之讲《红楼梦》，也是科学”，是可笑的话。,1.0,唐钺_003_1292971a,唐钺_003_1292971a_s0003
segment:cc6eb748f06e,entity:0bacf98593d1,MENTIONS,丁文江,neutral,0,0,,林先生以为丁先生说“胡适之讲《红楼梦》，也是科学”，是可笑的话。,1.0,唐钺_003_1292971a,唐钺_003_1292971a_s0003
term:444862b1d437,entity:e867d428ff3f,RELATES_TO,反驳,negative,-0.6,0.5,逻辑反驳,其实没有甚么可笑的，假如胡先生的讲《红楼梦》，是用真正科学方法以求得关于此书的事实，那当然是科学；假如他不过说欣赏的话头，那就不是科学。,1.0,唐钺_003_1292971a,唐钺_003_1292971a_s0003
segment:cc6eb748f06e,term:444862b1d437,MENTIONS,作者,neutral,0,0,,其实没有甚么可笑的，假如胡先生的讲《红楼梦》，是用真正科学方法以求得关于此书的事实，那当然是科学；假如他不过说欣赏的话头，那就不是科学。,1.0,唐钺_003_1292971a,唐钺_003_1292971a_s0003
segment:cc6eb748f06e,entity:e867d428ff3f,MENTIONS,林宰平,neutral,0,0,,其实没有甚么可笑的，假如胡先生的讲《红楼梦》，是用真正科学方法以求得关于此书的事实，那当然是科学；假如他不过说欣赏的话头，那就不是科学。,1.0,唐钺_003_1292971a,唐钺_003_1292971a_s0003
term:3925a753a053,entity:0a5d9170d332,RELATES_TO,作为论据支持,positive,0.5,0.5,不适用,讲《红楼梦》之是否科学，要看他所用的方法怎样，不能因为讲的是《红楼梦》，而说他不是科学。,1.0,唐钺_003_1292971a,唐钺_003_1292971a_s0003
segment:cc6eb748f06e,term:3925a753a053,MENTIONS,讲《红楼梦》,neutral,0,0,,讲《红楼梦》之是否科学，要看他所用的方法怎样，不能因为讲的是《红楼梦》，而说他不是科学。,1.0,唐钺_003_1292971a,唐钺_003_1292971a_s0003
segment:cc6eb748f06e,entity:0a5d9170d332,MENTIONS,科学,neutral,0,0,,讲《红楼梦》之是否科学，要看他所用的方法怎样，不能因为讲的是《红楼梦》，而说他不是科学。,1.0,唐钺_003_1292971a,唐钺_003_1292971a_s0003
term:8a0a3690a073,term:4b30d802e3b4,RELATES_TO,包含,positive,1.0,0.8,不适用,我的浅见，以为天地间所有现象，都是科学的材料。,1.0,唐钺_003_1292971a,唐钺_003_1292971a_s0003
segment:cc6eb748f06e,term:8a0a3690a073,MENTIONS,天地间所有现象,neutral,0,0,,我的浅见，以为天地间所有现象，都是科学的材料。,1.0,唐钺_003_1292971a,唐钺_003_1292971a_s0003
segment:cc6eb748f06e,term:4b30d802e3b4,MENTIONS,科学的材料,neutral,0,0,,我的浅见，以为天地间所有现象，都是科学的材料。,1.0,唐钺_003_1292971a,唐钺_003_1292971a_s0003
term:310b3dc247e0,term:128acd9a446f,RELATES_TO,区分,positive,0.5,0.5,概念澄清,说艺术宗教的科学的研究是科学，不是说艺术宗教就是科学，同说鱼的科学研究是科学，不是说鱼就是科学一样。,1.0,唐钺_003_1292971a,唐钺_003_1292971a_s0003
segment:cc6eb748f06e,term:310b3dc247e0,MENTIONS,艺术宗教的科学的研究,neutral,0,0,,说艺术宗教的科学的研究是科学，不是说艺术宗教就是科学，同说鱼的科学研究是科学，不是说鱼就是科学一样。,1.0,唐钺_003_1292971a,唐钺_003_1292971a_s0003
segment:cc6eb748f06e,term:128acd9a446f,MENTIONS,艺术宗教,neutral,0,0,,说艺术宗教的科学的研究是科学，不是说艺术宗教就是科学，同说鱼的科学研究是科学，不是说鱼就是科学一样。,1.0,唐钺_003_1292971a,唐钺_003_1292971a_s0003
term:c21e4cb9fc11,term:7ac9f75ce0ba,RELATES_TO,反对,negative,-0.8,0.7,一般批评,很多人反对以艺术宗教为科学的材料，因为恐怕一经科学方法的解剖，宗教艺术都没有价值了。,1.0,唐钺_003_1292971a,唐钺_003_1292971a_s0003
segment:cc6eb748f06e,term:c21e4cb9fc11,MENTIONS,很多人,neutral,0,0,,很多人反对以艺术宗教为科学的材料，因为恐怕一经科学方法的解剖，宗教艺术都没有价值了。,1.0,唐钺_003_1292971a,唐钺_003_1292971a_s0003
segment:cc6eb748f06e,term:7ac9f75ce0ba,MENTIONS,以艺术宗教为科学的材料,neutral,0,0,,很多人反对以艺术宗教为科学的材料，因为恐怕一经科学方法的解剖，宗教艺术都没有价值了。,1.0,唐钺_003_1292971a,唐钺_003_1292971a_s0003
term:444862b1d437,term:c21e4cb9fc11,RELATES_TO,反驳,negative,-0.7,0.6,归谬,除非我们能够证明凡是经科学方法分析过的东西，都是没有价值的；我们尽可以宽怀过活，不必抱杞人之忧。,1.0,唐钺_003_1292971a,唐钺_003_1292971a_s0003
segment:cc6eb748f06e,term:444862b1d437,MENTIONS,作者,neutral,0,0,,除非我们能够证明凡是经科学方法分析过的东西，都是没有价值的；我们尽可以宽怀过活，不必抱杞人之忧。,1.0,唐钺_003_1292971a,唐钺_003_1292971a_s0003
segment:cc6eb748f06e,term:c21e4cb9fc11,MENTIONS,很多人,neutral,0,0,,除非我们能够证明凡是经科学方法分析过的东西，都是没有价值的；我们尽可以宽怀过活，不必抱杞人之忧。,1.0,唐钺_003_1292971a,唐钺_003_1292971a_s0003
entity:78b798906628,term:d36d25e47a14,RELATES_TO,归因于,negative,-0.5,0.5,不适用,因为恐怕一经科学方法的解剖，宗教艺术都没有价值了。,0.9,唐钺_003_1292971a,唐钺_003_1292971a_s0004
segment:b0a9f0776959,entity:78b798906628,MENTIONS,科学方法,neutral,0,0,,因为恐怕一经科学方法的解剖，宗教艺术都没有价值了。,0.9,唐钺_003_1292971a,唐钺_003_1292971a_s0004
segment:b0a9f0776959,term:d36d25e47a14,MENTIONS,宗教艺术都没有价值,neutral,0,0,,因为恐怕一经科学方法的解剖，宗教艺术都没有价值了。,0.9,唐钺_003_1292971a,唐钺_003_1292971a_s0004
term:444862b1d437,term:2a092036c6e0,RELATES_TO,反驳,negative,-0.8,0.7,逻辑反驳,这话是不对的。,0.9,唐钺_003_1292971a,唐钺_003_1292971a_s0004
segment:b0a9f0776959,term:444862b1d437,MENTIONS,作者,neutral,0,0,,这话是不对的。,0.9,唐钺_003_1292971a,唐钺_003_1292971a_s0004
segment:b0a9f0776959,term:2a092036c6e0,MENTIONS,c1,neutral,0,0,,这话是不对的。,0.9,唐钺_003_1292971a,唐钺_003_1292971a_s0004
term:444862b1d437,term:05671d3321dd,RELATES_TO,反驳,negative,-0.8,0.7,逻辑反驳,我的浅见，以为各科固然有各科的方法，而同时有他们共同的方法。,0.9,唐钺_003_1292971a,唐钺_003_1292971a_s0004
segment:b0a9f0776959,term:444862b1d437,MENTIONS,作者,neutral,0,0,,我的浅见，以为各科固然有各科的方法，而同时有他们共同的方法。,0.9,唐钺_003_1292971a,唐钺_003_1292971a_s0004
segment:b0a9f0776959,term:05671d3321dd,MENTIONS,c5,neutral,0,0,,我的浅见，以为各科固然有各科的方法，而同时有他们共同的方法。,0.9,唐钺_003_1292971a,唐钺_003_1292971a_s0004
entity:c8b98890c241,entity:67c31e76765f,RELATES_TO,包含,neutral,0.0,0.0,不适用,心理学中所谓观察、实验、内省，只是一个方法。,0.9,唐钺_003_1292971a,唐钺_003_1292971a_s0004
segment:b0a9f0776959,entity:c8b98890c241,MENTIONS,心理学,neutral,0,0,,心理学中所谓观察、实验、内省，只是一个方法。,0.9,唐钺_003_1292971a,唐钺_003_1292971a_s0004
segment:b0a9f0776959,entity:67c31e76765f,MENTIONS,观察,neutral,0,0,,心理学中所谓观察、实验、内省，只是一个方法。,0.9,唐钺_003_1292971a,唐钺_003_1292971a_s0004
entity:c8b98890c241,entity:2a3435a5eb8d,RELATES_TO,包含,neutral,0.0,0.0,不适用,心理学中所谓观察、实验、内省，只是一个方法。,0.9,唐钺_003_1292971a,唐钺_003_1292971a_s0004
segment:b0a9f0776959,entity:c8b98890c241,MENTIONS,心理学,neutral,0,0,,心理学中所谓观察、实验、内省，只是一个方法。,0.9,唐钺_003_1292971a,唐钺_003_1292971a_s0004
segment:b0a9f0776959,entity:2a3435a5eb8d,MENTIONS,实验,neutral,0,0,,心理学中所谓观察、实验、内省，只是一个方法。,0.9,唐钺_003_1292971a,唐钺_003_1292971a_s0004
entity:c8b98890c241,entity:3423f9b81b9b,RELATES_TO,包含,neutral,0.0,0.0,不适用,心理学中所谓观察、实验、内省，只是一个方法。,0.9,唐钺_003_1292971a,唐钺_003_1292971a_s0004
segment:b0a9f0776959,entity:c8b98890c241,MENTIONS,心理学,neutral,0,0,,心理学中所谓观察、实验、内省，只是一个方法。,0.9,唐钺_003_1292971a,唐钺_003_1292971a_s0004
segment:b0a9f0776959,entity:3423f9b81b9b,MENTIONS,内省,neutral,0,0,,心理学中所谓观察、实验、内省，只是一个方法。,0.9,唐钺_003_1292971a,唐钺_003_1292971a_s0004
entity:c8b98890c241,entity:336646c6774f,RELATES_TO,包含,neutral,0.0,0.0,不适用,就是心理学同物理学也有共同的方法（如假定及谨严的证明等等）；,0.9,唐钺_003_1292971a,唐钺_003_1292971a_s0004
segment:b0a9f0776959,entity:c8b98890c241,MENTIONS,心理学,neutral,0,0,,就是心理学同物理学也有共同的方法（如假定及谨严的证明等等）；,0.9,唐钺_003_1292971a,唐钺_003_1292971a_s0004
segment:b0a9f0776959,entity:336646c6774f,MENTIONS,物理学,neutral,0,0,,就是心理学同物理学也有共同的方法（如假定及谨严的证明等等）；,0.9,唐钺_003_1292971a,唐钺_003_1292971a_s0004
entity:cbef98419595,entity:6f60dd1dde5c,RELATES_TO,批评,negative,-0.5,0.5,概念混淆批评,未免有辨别不清楚的毛病,1.0,唐钺_004_0712956a,唐钺_004_0712956a_s0000
segment:eec33dd11665,entity:cbef98419595,MENTIONS,范寿康,neutral,0,0,,未免有辨别不清楚的毛病,1.0,唐钺_004_0712956a,唐钺_004_0712956a_s0000
segment:eec33dd11665,entity:6f60dd1dde5c,MENTIONS,唐钺,neutral,0,0,,未免有辨别不清楚的毛病,1.0,唐钺_004_0712956a,唐钺_004_0712956a_s0000
entity:6f60dd1dde5c,entity:cbef98419595,RELATES_TO,回应,negative,-0.5,0.5,概念澄清,我原说“我所谓因果律，就是说：一切现象，都有原因”。我这界说，才看好像是单指广义的因果律，其实是包括广狭二义,1.0,唐钺_004_0712956a,唐钺_004_0712956a_s0000
segment:eec33dd11665,entity:6f60dd1dde5c,MENTIONS,唐钺,neutral,0,0,,我原说“我所谓因果律，就是说：一切现象，都有原因”。我这界说，才看好像是单指广义的因果律，其实是包括广狭二义,1.0,唐钺_004_0712956a,唐钺_004_0712956a_s0000
segment:eec33dd11665,entity:cbef98419595,MENTIONS,范寿康,neutral,0,0,,我原说“我所谓因果律，就是说：一切现象，都有原因”。我这界说，才看好像是单指广义的因果律，其实是包括广狭二义,1.0,唐钺_004_0712956a,唐钺_004_0712956a_s0000
entity:6f60dd1dde5c,entity:cbef98419595,RELATES_TO,反驳,negative,-0.7,0.6,逻辑反驳,若同种因不必生同种果，怎么可以互从推知呢？,1.0,唐钺_004_0712956a,唐钺_004_0712956a_s0000
segment:eec33dd11665,entity:6f60dd1dde5c,MENTIONS,唐钺,neutral,0,0,,若同种因不必生同种果，怎么可以互从推知呢？,1.0,唐钺_004_0712956a,唐钺_004_0712956a_s0000
segment:eec33dd11665,entity:cbef98419595,MENTIONS,范寿康,neutral,0,0,,若同种因不必生同种果，怎么可以互从推知呢？,1.0,唐钺_004_0712956a,唐钺_004_0712956a_s0000
entity:6f60dd1dde5c,entity:8e72d0477508,RELATES_TO,相关,positive,0.8,0.5,援引权威,苦雷顿在他《论理学导言》中有几句话说得很浅显，我引他于下,1.0,唐钺_004_0712956a,唐钺_004_0712956a_s0000
segment:eec33dd11665,entity:6f60dd1dde5c,MENTIONS,唐钺,neutral,0,0,,苦雷顿在他《论理学导言》中有几句话说得很浅显，我引他于下,1.0,唐钺_004_0712956a,唐钺_004_0712956a_s0000
segment:eec33dd11665,entity:8e72d0477508,MENTIONS,苦雷顿,neutral,0,0,,苦雷顿在他《论理学导言》中有几句话说得很浅显，我引他于下,1.0,唐钺_004_0712956a,唐钺_004_0712956a_s0000
term:63a449385be1,term:da04d2cac5c8,RELATES_TO,导致,positive,1.0,0.5,不适用,同理，一种因也只有一种果。,1.0,唐钺_004_0712956a,唐钺_004_0712956a_s0001
segment:8f8c40ccfab6,term:63a449385be1,MENTIONS,一种因,neutral,0,0,,同理，一种因也只有一种果。,1.0,唐钺_004_0712956a,唐钺_004_0712956a_s0001
segment:8f8c40ccfab6,term:da04d2cac5c8,MENTIONS,一种果,neutral,0,0,,同理，一种因也只有一种果。,1.0,唐钺_004_0712956a,唐钺_004_0712956a_s0001
entity:a0e8c6cf5336,entity:ed17af291d10,RELATES_TO,包含,positive,0.5,0.5,不适用,虽然这个原理可以包括广义的因果律,1.0,唐钺_004_0712956a,唐钺_004_0712956a_s0001
segment:8f8c40ccfab6,entity:a0e8c6cf5336,MENTIONS,充足理由的原理,neutral,0,0,,虽然这个原理可以包括广义的因果律,1.0,唐钺_004_0712956a,唐钺_004_0712956a_s0001
segment:8f8c40ccfab6,entity:ed17af291d10,MENTIONS,广义的因果律,neutral,0,0,,虽然这个原理可以包括广义的因果律,1.0,唐钺_004_0712956a,唐钺_004_0712956a_s0001
entity:6f60dd1dde5c,entity:a0e8c6cf5336,RELATES_TO,区分,positive,1.0,0.7,概念澄清,严密言之，我们应该分别三个原理：（甲）充足理由的原理；（乙）因果的原理——一切现象都为前事所制约；（丙）齐一的原理，亦称归纳的原理——同种的原因必有同种的结果。,1.0,唐钺_004_0712956a,唐钺_004_0712956a_s0001
segment:8f8c40ccfab6,entity:6f60dd1dde5c,MENTIONS,唐钺,neutral,0,0,,严密言之，我们应该分别三个原理：（甲）充足理由的原理；（乙）因果的原理——一切现象都为前事所制约；（丙）齐一的原理，亦称归纳的原理——同种的原因必有同种的结果。,1.0,唐钺_004_0712956a,唐钺_004_0712956a_s0001
segment:8f8c40ccfab6,entity:a0e8c6cf5336,MENTIONS,充足理由的原理,neutral,0,0,,严密言之，我们应该分别三个原理：（甲）充足理由的原理；（乙）因果的原理——一切现象都为前事所制约；（丙）齐一的原理，亦称归纳的原理——同种的原因必有同种的结果。,1.0,唐钺_004_0712956a,唐钺_004_0712956a_s0001
entity:6f60dd1dde5c,entity:7f4b1b0861e7,RELATES_TO,区分,positive,1.0,0.7,概念澄清,严密言之，我们应该分别三个原理：（甲）充足理由的原理；（乙）因果的原理——一切现象都为前事所制约；（丙）齐一的原理，亦称归纳的原理——同种的原因必有同种的结果。,1.0,唐钺_004_0712956a,唐钺_004_0712956a_s0001
segment:8f8c40ccfab6,entity:6f60dd1dde5c,MENTIONS,唐钺,neutral,0,0,,严密言之，我们应该分别三个原理：（甲）充足理由的原理；（乙）因果的原理——一切现象都为前事所制约；（丙）齐一的原理，亦称归纳的原理——同种的原因必有同种的结果。,1.0,唐钺_004_0712956a,唐钺_004_0712956a_s0001
segment:8f8c40ccfab6,entity:7f4b1b0861e7,MENTIONS,因果的原理,neutral,0,0,,严密言之，我们应该分别三个原理：（甲）充足理由的原理；（乙）因果的原理——一切现象都为前事所制约；（丙）齐一的原理，亦称归纳的原理——同种的原因必有同种的结果。,1.0,唐钺_004_0712956a,唐钺_004_0712956a_s0001
entity:6f60dd1dde5c,entity:adb0ea58819d,RELATES_TO,区分,positive,1.0,0.7,概念澄清,严密言之，我们应该分别三个原理：（甲）充足理由的原理；（乙）因果的原理——一切现象都为前事所制约；（丙）齐一的原理，亦称归纳的原理——同种的原因必有同种的结果。,1.0,唐钺_004_0712956a,唐钺_004_0712956a_s0001
segment:8f8c40ccfab6,entity:6f60dd1dde5c,MENTIONS,唐钺,neutral,0,0,,严密言之，我们应该分别三个原理：（甲）充足理由的原理；（乙）因果的原理——一切现象都为前事所制约；（丙）齐一的原理，亦称归纳的原理——同种的原因必有同种的结果。,1.0,唐钺_004_0712956a,唐钺_004_0712956a_s0001
segment:8f8c40ccfab6,entity:adb0ea58819d,MENTIONS,齐一的原理,neutral,0,0,,严密言之，我们应该分别三个原理：（甲）充足理由的原理；（乙）因果的原理——一切现象都为前事所制约；（丙）齐一的原理，亦称归纳的原理——同种的原因必有同种的结果。,1.0,唐钺_004_0712956a,唐钺_004_0712956a_s0001
entity:cbef98419595,term:5aac0df1beee,RELATES_TO,主张,positive,1.0,0.5,不适用,范先生又说：“他们（指丁文江、王星拱、唐钺等）都以为……狭义的科学能够解决人生观的全部。”,1.0,唐钺_004_0712956a,唐钺_004_0712956a_s0001
segment:8f8c40ccfab6,entity:cbef98419595,MENTIONS,范寿康,neutral,0,0,,范先生又说：“他们（指丁文江、王星拱、唐钺等）都以为……狭义的科学能够解决人生观的全部。”,1.0,唐钺_004_0712956a,唐钺_004_0712956a_s0001
segment:8f8c40ccfab6,term:5aac0df1beee,MENTIONS,c7,neutral,0,0,,范先生又说：“他们（指丁文江、王星拱、唐钺等）都以为……狭义的科学能够解决人生观的全部。”,1.0,唐钺_004_0712956a,唐钺_004_0712956a_s0001
entity:cbef98419595,term:194b1bf3c910,RELATES_TO,主张,positive,1.0,0.5,不适用,弄到结局，他们竟至承认人类的意志全受因果律（狭义）的支配，他们看人类直同机械一般，他们否认自由和道德。,1.0,唐钺_004_0712956a,唐钺_004_0712956a_s0001
segment:8f8c40ccfab6,entity:cbef98419595,MENTIONS,范寿康,neutral,0,0,,弄到结局，他们竟至承认人类的意志全受因果律（狭义）的支配，他们看人类直同机械一般，他们否认自由和道德。,1.0,唐钺_004_0712956a,唐钺_004_0712956a_s0001
segment:8f8c40ccfab6,term:194b1bf3c910,MENTIONS,c8,neutral,0,0,,弄到结局，他们竟至承认人类的意志全受因果律（狭义）的支配，他们看人类直同机械一般，他们否认自由和道德。,1.0,唐钺_004_0712956a,唐钺_004_0712956a_s0001
entity:67821481a750,term:82114e5e0e70,RELATES_TO,定义,positive,1.0,0.5,概念澄清,我的意见以为人生观只是内容的伦理规范的问题，而不是形式的规范的问题。,0.9,唐钺_004_0712956a,唐钺_004_0712956a_s0003
segment:cbbd22683574,entity:67821481a750,MENTIONS,人生观,neutral,0,0,,我的意见以为人生观只是内容的伦理规范的问题，而不是形式的规范的问题。,0.9,唐钺_004_0712956a,唐钺_004_0712956a_s0003
segment:cbbd22683574,term:82114e5e0e70,MENTIONS,内容的伦理规范的问题,neutral,0,0,,我的意见以为人生观只是内容的伦理规范的问题，而不是形式的规范的问题。,0.9,唐钺_004_0712956a,唐钺_004_0712956a_s0003
entity:67821481a750,term:3c43268ee289,RELATES_TO,区分,negative,-1.0,0.5,概念澄清,我的意见以为人生观只是内容的伦理规范的问题，而不是形式的规范的问题。,0.9,唐钺_004_0712956a,唐钺_004_0712956a_s0003
segment:cbbd22683574,entity:67821481a750,MENTIONS,人生观,neutral,0,0,,我的意见以为人生观只是内容的伦理规范的问题，而不是形式的规范的问题。,0.9,唐钺_004_0712956a,唐钺_004_0712956a_s0003
segment:cbbd22683574,term:3c43268ee289,MENTIONS,形式的规范的问题,neutral,0,0,,我的意见以为人生观只是内容的伦理规范的问题，而不是形式的规范的问题。,0.9,唐钺_004_0712956a,唐钺_004_0712956a_s0003
entity:67821481a750,term:3cb99f093c7d,RELATES_TO,作为论据支持,positive,1.0,0.5,不适用,所以我以为人生观不是由直觉而得，科学可以解决人生观的全部。,0.9,唐钺_004_0712956a,唐钺_004_0712956a_s0003
segment:cbbd22683574,entity:67821481a750,MENTIONS,人生观,neutral,0,0,,所以我以为人生观不是由直觉而得，科学可以解决人生观的全部。,0.9,唐钺_004_0712956a,唐钺_004_0712956a_s0003
segment:cbbd22683574,term:3cb99f093c7d,MENTIONS,c2,neutral,0,0,,所以我以为人生观不是由直觉而得，科学可以解决人生观的全部。,0.9,唐钺_004_0712956a,唐钺_004_0712956a_s0003
entity:6f60dd1dde5c,term:31f792505210,RELATES_TO,反驳,negative,-1.0,0.5,逻辑反驳,我以为这所谓重要是实用上的重要而非学理上的重要。,0.9,唐钺_004_0712956a,唐钺_004_0712956a_s0003
segment:cbbd22683574,entity:6f60dd1dde5c,MENTIONS,唐钺,neutral,0,0,,我以为这所谓重要是实用上的重要而非学理上的重要。,0.9,唐钺_004_0712956a,唐钺_004_0712956a_s0003
segment:cbbd22683574,term:31f792505210,MENTIONS,c3,neutral,0,0,,我以为这所谓重要是实用上的重要而非学理上的重要。,0.9,唐钺_004_0712956a,唐钺_004_0712956a_s0003
entity:6f60dd1dde5c,term:a97f8bfb7d81,RELATES_TO,反驳,negative,-1.0,0.7,逻辑反驳,这句话，实在不能够发生一点效力，因为我们所要解决的正是你所自认为应当做的到底是不是你应当做的。,0.9,唐钺_004_0712956a,唐钺_004_0712956a_s0003
segment:cbbd22683574,entity:6f60dd1dde5c,MENTIONS,唐钺,neutral,0,0,,这句话，实在不能够发生一点效力，因为我们所要解决的正是你所自认为应当做的到底是不是你应当做的。,0.9,唐钺_004_0712956a,唐钺_004_0712956a_s0003
segment:cbbd22683574,term:a97f8bfb7d81,MENTIONS,c14,neutral,0,0,,这句话，实在不能够发生一点效力，因为我们所要解决的正是你所自认为应当做的到底是不是你应当做的。,0.9,唐钺_004_0712956a,唐钺_004_0712956a_s0003
entity:0a5d9170d332,term:194b1bf3c910,RELATES_TO,作为论据支持,positive,1.0,0.5,不适用,这个问题惟科学可以解决，直觉只可敬谢不敏了。,0.9,唐钺_004_0712956a,唐钺_004_0712956a_s0003
segment:cbbd22683574,entity:0a5d9170d332,MENTIONS,科学,neutral,0,0,,这个问题惟科学可以解决，直觉只可敬谢不敏了。,0.9,唐钺_004_0712956a,唐钺_004_0712956a_s0003
segment:cbbd22683574,term:194b1bf3c910,MENTIONS,c8,neutral,0,0,,这个问题惟科学可以解决，直觉只可敬谢不敏了。,0.9,唐钺_004_0712956a,唐钺_004_0712956a_s0003
entity:75a674f027b9,term:48997e86d4d7,RELATES_TO,作为论据支持,negative,-1.0,0.5,不适用,因为他所给与我们的，不过一句赘疣的话“做你所自认为应做的行为”罢了。,0.9,唐钺_004_0712956a,唐钺_004_0712956a_s0003
segment:cbbd22683574,entity:75a674f027b9,MENTIONS,直觉,neutral,0,0,,因为他所给与我们的，不过一句赘疣的话“做你所自认为应做的行为”罢了。,0.9,唐钺_004_0712956a,唐钺_004_0712956a_s0003
segment:cbbd22683574,term:48997e86d4d7,MENTIONS,c9,neutral,0,0,,因为他所给与我们的，不过一句赘疣的话“做你所自认为应做的行为”罢了。,0.9,唐钺_004_0712956a,唐钺_004_0712956a_s0003
entity:cbef98419595,term:aece82c326e1,RELATES_TO,相关,positive,0.5,0.3,援引权威,即范先生自己也以为“所得必然的法则（指狭义科学所探讨的）……是为树立当然的法则的根据”。,0.9,唐钺_004_0712956a,唐钺_004_0712956a_s0003
segment:cbbd22683574,entity:cbef98419595,MENTIONS,范寿康,neutral,0,0,,即范先生自己也以为“所得必然的法则（指狭义科学所探讨的）……是为树立当然的法则的根据”。,0.9,唐钺_004_0712956a,唐钺_004_0712956a_s0003
segment:cbbd22683574,term:aece82c326e1,MENTIONS,c11,neutral,0,0,,即范先生自己也以为“所得必然的法则（指狭义科学所探讨的）……是为树立当然的法则的根据”。,0.9,唐钺_004_0712956a,唐钺_004_0712956a_s0003
entity:67e072fff3d6,entity:9dceb244906a,RELATES_TO,归因于,positive,0.5,0.3,不适用,当然的法则既然须待必然的法则的根据而方可树立，还用得着什么直觉呢？,0.9,唐钺_004_0712956a,唐钺_004_0712956a_s0003
segment:cbbd22683574,entity:67e072fff3d6,MENTIONS,当然的法则,neutral,0,0,,当然的法则既然须待必然的法则的根据而方可树立，还用得着什么直觉呢？,0.9,唐钺_004_0712956a,唐钺_004_0712956a_s0003
segment:cbbd22683574,entity:9dceb244906a,MENTIONS,必然的法则,neutral,0,0,,当然的法则既然须待必然的法则的根据而方可树立，还用得着什么直觉呢？,0.9,唐钺_004_0712956a,唐钺_004_0712956a_s0003
entity:6f60dd1dde5c,term:2dd3be619759,RELATES_TO,反驳,negative,-1.0,0.5,逻辑反驳,我自信我并没有发表这种浑括的议论。,0.9,唐钺_004_0712956a,唐钺_004_0712956a_s0003
segment:cbbd22683574,entity:6f60dd1dde5c,MENTIONS,唐钺,neutral,0,0,,我自信我并没有发表这种浑括的议论。,0.9,唐钺_004_0712956a,唐钺_004_0712956a_s0003
segment:cbbd22683574,term:2dd3be619759,MENTIONS,c13,neutral,0,0,,我自信我并没有发表这种浑括的议论。,0.9,唐钺_004_0712956a,唐钺_004_0712956a_s0003
entity:75a18a45b051,entity:971124cd32ff,RELATES_TO,相关,neutral,0.0,0.0,援引权威,森在他的《伦理体系》第二卷第九章中把他分称心理的及玄学的。,0.9,唐钺_004_0712956a,唐钺_004_0712956a_s0005
segment:a80c93061738,entity:75a18a45b051,MENTIONS,森,neutral,0,0,,森在他的《伦理体系》第二卷第九章中把他分称心理的及玄学的。,0.9,唐钺_004_0712956a,唐钺_004_0712956a_s0005
segment:a80c93061738,entity:971124cd32ff,MENTIONS,心理的自由,neutral,0,0,,森在他的《伦理体系》第二卷第九章中把他分称心理的及玄学的。,0.9,唐钺_004_0712956a,唐钺_004_0712956a_s0005
entity:75a18a45b051,entity:7015fa820893,RELATES_TO,相关,neutral,0.0,0.0,援引权威,后者是说意志或各特殊决心的自身没有原因。,0.9,唐钺_004_0712956a,唐钺_004_0712956a_s0005
segment:a80c93061738,entity:75a18a45b051,MENTIONS,森,neutral,0,0,,后者是说意志或各特殊决心的自身没有原因。,0.9,唐钺_004_0712956a,唐钺_004_0712956a_s0005
segment:a80c93061738,entity:7015fa820893,MENTIONS,玄学的自由,neutral,0,0,,后者是说意志或各特殊决心的自身没有原因。,0.9,唐钺_004_0712956a,唐钺_004_0712956a_s0005
entity:6f60dd1dde5c,term:f6f241c7a973,RELATES_TO,反驳,negative,-1.0,0.8,概念澄清,我在《心理现象与因果律》里所否认的只是意志的玄学的自由（即意志无因），并没有否认心理上的自由。怎么可以说我否认道德上责任呢？,0.9,唐钺_004_0712956a,唐钺_004_0712956a_s0005
segment:a80c93061738,entity:6f60dd1dde5c,MENTIONS,唐钺,neutral,0,0,,我在《心理现象与因果律》里所否认的只是意志的玄学的自由（即意志无因），并没有否认心理上的自由。怎么可以说我否认道德上责任呢？,0.9,唐钺_004_0712956a,唐钺_004_0712956a_s0005
segment:a80c93061738,term:f6f241c7a973,MENTIONS,否认道德上责任,neutral,0,0,,我在《心理现象与因果律》里所否认的只是意志的玄学的自由（即意志无因），并没有否认心理上的自由。怎么可以说我否认道德上责任呢？,0.9,唐钺_004_0712956a,唐钺_004_0712956a_s0005
term:e0250704bd0a,term:d821226b58bc,RELATES_TO,解释,neutral,0.0,0.0,不适用,这科罚的目的，正是要对治那些原因。,0.9,唐钺_004_0712956a,唐钺_004_0712956a_s0005
segment:a80c93061738,term:e0250704bd0a,MENTIONS,科罚的目的,neutral,0,0,,这科罚的目的，正是要对治那些原因。,0.9,唐钺_004_0712956a,唐钺_004_0712956a_s0005
segment:a80c93061738,term:d821226b58bc,MENTIONS,对治那些原因,neutral,0,0,,这科罚的目的，正是要对治那些原因。,0.9,唐钺_004_0712956a,唐钺_004_0712956a_s0005
term:c0b7583685b5,term:f16c41ba7954,RELATES_TO,回应,negative,-0.5,0.5,一般批评,以上所说，或者有人以为只能说明意志有因不悖于负责原理，而不能免去把人生弄成毫无意味的结局。,0.8,唐钺_004_0712956a,唐钺_004_0712956a_s0005
segment:a80c93061738,term:c0b7583685b5,MENTIONS,意志有因不悖于负责原理,neutral,0,0,,以上所说，或者有人以为只能说明意志有因不悖于负责原理，而不能免去把人生弄成毫无意味的结局。,0.8,唐钺_004_0712956a,唐钺_004_0712956a_s0005
segment:a80c93061738,term:f16c41ba7954,MENTIONS,把人生弄成毫无意味的结局,neutral,0,0,,以上所说，或者有人以为只能说明意志有因不悖于负责原理，而不能免去把人生弄成毫无意味的结局。,0.8,唐钺_004_0712956a,唐钺_004_0712956a_s0005
segment:528692c9d446,term:229015e1f4bc,CITES,CITES_AUTHOR,neutral,0,0,,无因论者一定要引康德的主张，说因果律是理性中所固有的，是先乎经验的范畴。,1.0,唐钺_000_b5cd146b,唐钺_000_b5cd146b_s0001
segment:528692c9d446,term:229015e1f4bc,CITES,CITES_AUTHOR,neutral,0,0,,康德说一切现象，都是受因果范畴的支配，心理现象当然不能除外。,1.0,唐钺_000_b5cd146b,唐钺_000_b5cd146b_s0001
segment:528692c9d446,term:229015e1f4bc,CITES,CITES_AUTHOR,neutral,0,0,,因为他主张本体不可经验，所经验者都是现象。,1.0,唐钺_000_b5cd146b,唐钺_000_b5cd146b_s0001
segment:528692c9d446,entity:fb6263603c93,CITES,CITES_AUTHOR,neutral,0,0,,若用罗素的说法，就是因果的关系，不是说同一个因必有同一个果，乃说同一种的因必有同一种的果。,1.0,唐钺_000_b5cd146b,唐钺_000_b5cd146b_s0001
segment:607b140505f6,entity:45306d2c74d9,CITES,CITES_AUTHOR,neutral,0,0,,所谓物质，不过是“常久的感觉的可能”。这是穆勒约翰所下的定义，是现代人普遍承认的。,1.0,唐钺_000_b5cd146b,唐钺_000_b5cd146b_s0004
segment:607b140505f6,entity:df705c8a7412,CITES,CITES_AUTHOR,neutral,0,0,,杜里舒说：“以我观之，体验者乃断断续续的，而非永续的。故当比之于电光之烁闪，不得名曰河流。‘我有’、‘我体验’既为点的，则此断续势不能熔成一片，如不尽之江河。”（杜里舒《讲演录》《近世心理问题》第四期第二十一页）,1.0,唐钺_000_b5cd146b,唐钺_000_b5cd146b_s0004
segment:607b140505f6,entity:193ac6755fb7,CITES,CITES_WORK,neutral,0,0,,杜里舒说：“以我观之，体验者乃断断续续的，而非永续的。故当比之于电光之烁闪，不得名曰河流。‘我有’、‘我体验’既为点的，则此断续势不能熔成一片，如不尽之江河。”（杜里舒《讲演录》《近世心理问题》第四期第二十一页）,1.0,唐钺_000_b5cd146b,唐钺_000_b5cd146b_s0004
segment:3e9af9d12de5,entity:fb6263603c93,CITES,CITES_AUTHOR,neutral,0,0,,这话罗素在《哲学中之科学的方法》的《因的观念》章中已经驳过了。,0.9,唐钺_000_b5cd146b,唐钺_000_b5cd146b_s0005
segment:3e9af9d12de5,term:667493e1cd1f,CITES,CITES_WORK,neutral,0,0,,这话罗素在《哲学中之科学的方法》的《因的观念》章中已经驳过了。,0.9,唐钺_000_b5cd146b,唐钺_000_b5cd146b_s0005
segment:791b2148818a,entity:396474728a49,CITES,CITES_AUTHOR,neutral,0,0,,叔本华是引许多经验作证的，,0.8,唐钺_000_b5cd146b,唐钺_000_b5cd146b_s0008
segment:791b2148818a,entity:56cfd8ef4b86,CITES,CITES_AUTHOR,neutral,0,0,,哈德门还要说他的哲学是从归纳法得来的。,0.8,唐钺_000_b5cd146b,唐钺_000_b5cd146b_s0008
segment:60c41feca7a6,entity:6b9979cc2049,CITES,CITES_AUTHOR,neutral,0,0,,"（F. Paulsen, Introduction to Philosophy, translated by F. Thilly, P. 221）",0.9,唐钺_000_b5cd146b,唐钺_000_b5cd146b_s0010
segment:60c41feca7a6,entity:061f65f9dadc,CITES,CITES_WORK,neutral,0,0,,"（F. Paulsen, Introduction to Philosophy, translated by F. Thilly, P. 221）",0.9,唐钺_000_b5cd146b,唐钺_000_b5cd146b_s0010
segment:c520a85b04c5,entity:a252ef6e0c94,CITES,CITES_AUTHOR,neutral,0,0,,任公所定的国际法里头已经有了，就是，辩论须紧切本题，不要旁涉枝叶,0.8,唐钺_001_c4e36ba4,唐钺_001_c4e36ba4_s0002
segment:972f03c027c0,entity:adc01b1e0494,CITES,CITES_AUTHOR,neutral,0,0,,就是柏格森主张直觉是科学惟一方法,0.9,唐钺_001_c4e36ba4,唐钺_001_c4e36ba4_s0004
segment:972f03c027c0,entity:786fb6544d70,CITES,CITES_AUTHOR,neutral,0,0,,至于东荪先生的“如蒙赐教，恕不答复”的态度,0.9,唐钺_001_c4e36ba4,唐钺_001_c4e36ba4_s0004
segment:7183b22296f4,entity:a252ef6e0c94,CITES,CITES_AUTHOR,neutral,0,0,,他说：“至于‘爱’，那更‘玄之又玄’了。”,0.9,唐钺_002_5e996979,唐钺_002_5e996979_s0003
segment:7183b22296f4,entity:a252ef6e0c94,CITES,CITES_AUTHOR,neutral,0,0,,假令有两位青年男女相约为“科学的恋爱”，岂不令人喷饭？,0.9,唐钺_002_5e996979,唐钺_002_5e996979_s0003
segment:ad17e87804ab,term:54d92be3a3af,CITES,CITES_AUTHOR,neutral,0,0,,至于“人类活历史，却什有八九从这种神秘（指‘一个人对于所信仰的宗教，对于所崇拜的人或主义，那种狂热情绪’）中创造出来”,1.0,唐钺_002_5e996979,唐钺_002_5e996979_s0006
segment:ad17e87804ab,term:91dcbea37fba,CITES,CITES_AUTHOR,neutral,0,0,,请看《论衡·实知篇》，就知道汉时已经把孔子当做神人，能后知万世的了,1.0,唐钺_002_5e996979,唐钺_002_5e996979_s0006
segment:ad17e87804ab,entity:583b41ce7bda,CITES,CITES_WORK,neutral,0,0,,请看《论衡·实知篇》，就知道汉时已经把孔子当做神人，能后知万世的了,1.0,唐钺_002_5e996979,唐钺_002_5e996979_s0006
segment:82d764185d8e,entity:0bacf98593d1,CITES,CITES_AUTHOR,neutral,0,0,,自丁在君先生发表“凡是用科学方法的研究都是科学”（这是大意，原文见他的《玄学与科学》篇中）的意思以后,1.0,唐钺_003_1292971a,唐钺_003_1292971a_s0000
segment:82d764185d8e,entity:7a184ff14bc1,CITES,CITES_WORK,neutral,0,0,,自丁在君先生发表“凡是用科学方法的研究都是科学”（这是大意，原文见他的《玄学与科学》篇中）的意思以后,1.0,唐钺_003_1292971a,唐钺_003_1292971a_s0000
segment:82d764185d8e,entity:e867d428ff3f,CITES,CITES_AUTHOR,neutral,0,0,,林宰平先生似乎就是有这样的感想的。他说：“其结果必至天地间无一不是科学罢了。”,1.0,唐钺_003_1292971a,唐钺_003_1292971a_s0000
segment:82d764185d8e,entity:0bacf98593d1,CITES,CITES_AUTHOR,neutral,0,0,,丁先生在他那篇《玄学与科学讨论的余兴》上说，他那方面的辩论“已经可以宣告终了”,1.0,唐钺_003_1292971a,唐钺_003_1292971a_s0000
segment:82d764185d8e,entity:ba4c26fdfc25,CITES,CITES_WORK,neutral,0,0,,丁先生在他那篇《玄学与科学讨论的余兴》上说，他那方面的辩论“已经可以宣告终了”,1.0,唐钺_003_1292971a,唐钺_003_1292971a_s0000
segment:82d764185d8e,entity:e867d428ff3f,CITES,CITES_AUTHOR,neutral,0,0,,林先生说：“譬如一步一步的先搜集材料，次假定公例，又次试验证明，这样诚实有条理，固然应用到那一方面都相宜。然科学若仅指这种空空洞洞的方法，那么凡做人能够诚实有条理的（按林先生的意思，应该说能够用假定，证明等方法的），都可称他是科学家么？”,1.0,唐钺_003_1292971a,唐钺_003_1292971a_s0000
segment:9e5700c5f373,entity:e867d428ff3f,CITES,CITES_AUTHOR,neutral,0,0,,林先生又说“若谓绘画等，……既是应用科学的方法，总可谓之科学。其实这句话只可说：绘画等也未尝不可用科学的方法来研究；至于绘画自身……要说他是科学，就很费解的了”。,0.9,唐钺_003_1292971a,唐钺_003_1292971a_s0001
segment:1dff6bc12659,entity:e867d428ff3f,CITES,CITES_AUTHOR,neutral,0,0,,林先生说这样称说是“费解的”,0.9,唐钺_003_1292971a,唐钺_003_1292971a_s0002
segment:1dff6bc12659,entity:e867d428ff3f,CITES,CITES_AUTHOR,neutral,0,0,,林先生又提及“基督教科学”“灵学”和妖怪学，而说他们虽然应用科学方法而不是科学。,0.9,唐钺_003_1292971a,唐钺_003_1292971a_s0002
segment:1dff6bc12659,entity:343a00408142,CITES,CITES_AUTHOR,neutral,0,0,,后来经詹姆斯发见伊是“请张为幻”的,0.9,唐钺_003_1292971a,唐钺_003_1292971a_s0002
segment:cc6eb748f06e,entity:0bacf98593d1,CITES,CITES_AUTHOR,neutral,0,0,,林先生以为丁先生说“胡适之讲《红楼梦》，也是科学”，是可笑的话。,1.0,唐钺_003_1292971a,唐钺_003_1292971a_s0003
segment:eec33dd11665,entity:8e72d0477508,CITES,CITES_AUTHOR,neutral,0,0,,苦雷顿在他《论理学导言》中有几句话说得很浅显，我引他于下,1.0,唐钺_004_0712956a,唐钺_004_0712956a_s0000
segment:eec33dd11665,entity:2f8efd4154f9,CITES,CITES_WORK,neutral,0,0,,苦雷顿在他《论理学导言》中有几句话说得很浅显，我引他于下,1.0,唐钺_004_0712956a,唐钺_004_0712956a_s0000
segment:8f8c40ccfab6,term:ca2dc1466af2,CITES,CITES_AUTHOR,neutral,0,0,,"（J. E. Creighton, An Introductory Logic, P. 244.）",1.0,唐钺_004_0712956a,唐钺_004_0712956a_s0001
segment:8f8c40ccfab6,term:e41fefb38b34,CITES,CITES_WORK,neutral,0,0,,"（J. E. Creighton, An Introductory Logic, P. 244.）",1.0,唐钺_004_0712956a,唐钺_004_0712956a_s0001
segment:8f8c40ccfab6,entity:0350f09d944e,CITES,CITES_AUTHOR,neutral,0,0,,他说：“由充足理由的原理，我们判定若没有充足理由解释何以事实或命题恰是这样而不是别样，没有一事实是真有，没有一命题是真实（虽然这些理由常常为我们所不知道）。”（见他的《单极论》中）,1.0,唐钺_004_0712956a,唐钺_004_0712956a_s0001
segment:8f8c40ccfab6,entity:dc0b4430a134,CITES,CITES_WORK,neutral,0,0,,他说：“由充足理由的原理，我们判定若没有充足理由解释何以事实或命题恰是这样而不是别样，没有一事实是真有，没有一命题是真实（虽然这些理由常常为我们所不知道）。”（见他的《单极论》中）,1.0,唐钺_004_0712956a,唐钺_004_0712956a_s0001
segment:cbbd22683574,entity:cbef98419595,CITES,CITES_AUTHOR,neutral,0,0,,范先生所谓“义务意识”，就是“做你所自认为善的行为”（见《教育哲学体系》）。,0.9,唐钺_004_0712956a,唐钺_004_0712956a_s0003
segment:cbbd22683574,entity:46d94a78c295,CITES,CITES_WORK,neutral,0,0,,范先生所谓“义务意识”，就是“做你所自认为善的行为”（见《教育哲学体系》）。,0.9,唐钺_004_0712956a,唐钺_004_0712956a_s0003
segment:a80c93061738,entity:75a18a45b051,CITES,CITES_AUTHOR,neutral,0,0,,森在他的《伦理体系》第二卷第九章中把他分称心理的及玄学的。他说：“前者是指以自己的意志起决心及行为的能力（抉择的自由），后者是说意志或各特殊决心的自身没有原因。”,0.9,唐钺_004_0712956a,唐钺_004_0712956a_s0005
segment:a80c93061738,entity:6a79ed23b722,CITES,CITES_WORK,neutral,0,0,,森在他的《伦理体系》第二卷第九章中把他分称心理的及玄学的。他说：“前者是指以自己的意志起决心及行为的能力（抉择的自由），后者是说意志或各特殊决心的自身没有原因。”,0.9,唐钺_004_0712956a,唐钺_004_0712956a_s0005
segment:a80c93061738,entity:75a18a45b051,CITES,CITES_AUTHOR,neutral,0,0,,他在同章又说：“道德上的负责及法律上的负责不过根据于心理的自由。”,0.9,唐钺_004_0712956a,唐钺_004_0712956a_s0005
segment:a80c93061738,entity:6a79ed23b722,CITES,CITES_WORK,neutral,0,0,,他在同章又说：“道德上的负责及法律上的负责不过根据于心理的自由。”,0.9,唐钺_004_0712956a,唐钺_004_0712956a_s0005
